year,month,low,avg,high,rain,snow
1938,3,7.4,1.4,-4.6,35.3,6.4
1939,3,0.7,-3.6,-7.8,26.2,54.4
1940,3,-1.3,-5.2,-9.1,13.2,35.1
1941,3,0.6,-3.8,-8.1,23.6,13.2
1942,3,4.3,1.4,-1.5,94,23.1
1943,3,1.8,-3.1,-8,67.1,18.3
1944,3,0.3,-3.6,-7.4,53.3,28.2
1945,3,10.4,5.1,-0.3,110.7,3.3
1946,3,10.8,5.2,-0.5,28.4,0
1947,3,1.9,-2.2,-6.3,24.4,22.4
1948,3,3.6,-2.1,-7.7,44.5,13.5
1949,3,2.9,-1.7,-6.2,25.4,37.6
1950,3,0.3,-4.2,-8.7,21.6,41.7
1951,3,3.6,0.3,-3.1,78,19.6
1952,3,2.5,-1.1,-4.7,58.9,7.6
1953,3,5.2,1.2,-2.9,66.8,0.3
1954,3,2.6,-1.2,-4.9,56.6,20.3
1955,3,2.9,-1.1,-5.1,27.9,42.7
1956,3,1.4,-2.5,-6.4,32.8,43.9
1957,3,4.7,0.8,-3.1,20.1,7.9
1958,3,4.8,1.4,-2.1,2.3,22.6
1959,3,2.3,-2,-6.2,30.7,29.2
1960,3,-1.2,-6,-10.8,7.1,31.8
1961,3,3.8,0.1,-3.6,19.8,32.8
1962,3,4.5,-0.4,-5.2,7.9,4.1
1963,3,5.8,0.8,-4.3,34.5,20.1
1964,3,3.6,-0.8,-5.1,46,42.9
1965,3,0.4,-3.5,-7.3,2.5,41.4
1966,3,4.7,0.7,-3.4,44.7,11.7
1967,3,2.1,-2.5,-7.1,3.3,23.1
1968,3,5.3,0.3,-4.7,33.3,38.4
1969,3,2.6,-1.8,-6.1,26.7,6.6
1970,3,1.9,-2.3,-6.4,25.1,14.5
1971,3,0.6,-3.5,-7.5,4.8,32.3
1972,3,-0.1,-4.3,-8.4,31.2,42.4
1973,3,7.5,3.2,-1.1,112.3,8.9
1974,3,3.3,-1,-5.2,41.1,17.3
1975,3,1.7,-2.5,-6.6,44.5,18.8
1976,3,5,0.2,-4.7,64.8,27.7
1977,3,7,2.2,-2.7,57,17.2
1978,3,0.4,-3.9,-8.1,31.5,9.3
1979,3,6.5,1.6,-3.3,45.6,3
1980,3,2.2,-2,-6.1,54.1,29.4
1981,3,4.9,0,-4.9,12.4,7.3
1982,3,2.3,-2,-6.3,41.7,24.6
1983,3,4.5,0.6,-3.4,59.3,17.4
1984,3,-0.1,-4.6,-9.1,35.4,24.5
1985,3,5.3,0.3,-4.7,45.6,28.6
1986,3,5.5,0.6,-4.4,34.6,14.4
1987,3,7.6,1.8,-4,31.8,14.4
1988,3,3.8,-0.8,-5.3,21.2,2.4
1989,3,2.6,-2.1,-6.7,14.6,16.8
1990,3,5.1,0.7,-3.8,24.7,4.4
1991,3,6.1,1.6,-2.8,88,9.4
1992,3,3.5,-1.1,-5.8,16.5,6.6
1993,3,2.6,-2,-6.7,6.6,28
1994,3,3.4,-0.8,-4.9,23.8,29
1995,3,7.2,1.9,-3.4,43.2,8
1996,3,1.9,-2.8,-7.5,2.2,34.4
1997,3,2.7,-1.4,-5.4,29.8,41.6
1998,3,6.4,2.1,-2.1,72.4,28
1999,3,4.7,0.2,-4.3,0.6,21.4
2000,3,9.4,4.5,-0.4,10.2,7.8
2001,3,3.2,-0.3,-3.8,8.8,26.4
2002,3,4.8,0.4,-4,44.1,17.6
2003,3,4.6,-0.7,-6.1,27.8,23.8
2004,3,6.1,2.3,-1.6,51.8,14.2
2005,3,2.6,-1.6,-5.9,9.6,25.6
2006,3,5.9,1.3,-3.2,47.8,1.4
2007,3,4.9,0.4,-4.1,18.8,13.3
2008,3,2,-1.7,-5.4,23.2,38
2009,3,5.8,0.8,-4.2,68,0.6
2010,3,9.2,4.4,-0.5,62.6,0
2011,3,3.7,-0.5,-4.7,62.8,29.4
