Chromosome	RefPosition	273614N_S288C	322134S_S288C	378604X_S288C	AWRI796_S288C	S288C	UWOPS03_461_4_S288C	UWOPS05_217_3_S288C	UWOPS05_227_2_S288C	UWOPS83_787_3_S288C	UWOPS87_2421_S288C	YPS128_S288C	YPS163_S288C	YPS606_S288C
SC_CHRIX	0	0	0	0	0	0	0	0	0	0	0	0	0	0
SC_CHRIX	10000	0	0	0	0	0	0	0	0	0	0	0	0	0
SC_CHRIX	20000	83	84	84	83	147	76	32	21	66	68	81	82	79
SC_CHRIX	30000	174	140	103	112	366	111	105	110	67	83	67	86	67
SC_CHRIX	40000	63	63	62	64	138	69	69	69	54	50	55	54	55
SC_CHRIX	50000	50	42	21	55	132	59	59	59	25	39	26	49	25
SC_CHRIX	60000	88	91	66	90	191	75	75	75	53	46	55	77	55
SC_CHRIX	70000	91	73	65	95	198	122	122	122	30	42	30	30	30
SC_CHRIX	80000	43	41	44	43	118	54	53	54	30	34	39	40	39
SC_CHRIX	90000	58	66	79	59	191	68	68	68	49	59	82	84	82
SC_CHRIX	100000	45	44	47	54	105	33	24	31	39	43	46	43	45
SC_CHRIX	110000	45	26	18	28	78	40	36	45	44	47	45	39	45
SC_CHRIX	120000	29	18	7	26	90	36	50	50	39	23	27	30	27
SC_CHRIX	130000	84	64	36	93	186	92	90	92	87	82	91	89	91
SC_CHRIX	140000	59	17	27	22	145	86	86	86	59	52	67	64	67
SC_CHRIX	150000	37	21	27	21	131	79	77	78	59	58	60	56	60
SC_CHRIX	160000	55	17	47	10	131	60	61	60	41	45	43	47	43
SC_CHRIX	170000	72	27	73	26	162	83	83	84	45	80	71	60	71
SC_CHRIX	180000	17	43	31	49	152	71	71	73	43	47	45	46	46
SC_CHRIX	190000	16	57	26	73	121	52	52	52	53	51	51	47	51
SC_CHRIX	200000	31	37	37	36	109	25	24	24	19	19	18	32	18
SC_CHRIX	210000	42	25	36	29	168	46	46	46	23	30	37	98	36
SC_CHRIX	220000	64	2	12	12	96	51	51	51	51	57	56	60	56
SC_CHRIX	230000	39	8	6	5	94	40	40	41	24	16	43	42	43
SC_CHRIX	240000	11	82	100	96	170	57	57	57	49	75	35	47	35
SC_CHRIX	250000	40	68	74	78	148	38	38	38	55	41	41	39	41
SC_CHRIX	260000	21	38	35	62	128	39	39	39	43	47	41	33	41
SC_CHRIX	270000	21	60	55	64	116	46	46	46	42	47	47	42	47
SC_CHRIX	280000	44	56	34	50	142	61	61	61	34	51	45	49	45
SC_CHRIX	290000	25	5	6	5	110	39	40	48	21	8	49	46	39
SC_CHRIX	300000	49	19	12	9	167	72	72	72	54	54	30	56	30
SC_CHRIX	310000	56	28	56	23	122	75	75	75	56	27	38	40	38
SC_CHRIX	320000	26	19	26	19	92	38	35	35	22	28	26	24	26
SC_CHRIX	330000	66	54	65	79	185	68	68	68	58	84	45	40	45
SC_CHRIX	340000	17	15	54	22	139	72	72	70	50	52	60	51	60
SC_CHRIX	350000	12	13	47	17	119	63	64	63	42	50	60	61	60
SC_CHRIX	360000	23	39	18	12	136	53	54	53	34	49	50	63	50
SC_CHRIX	370000	25	27	20	16	142	69	69	69	36	51	54	53	54
SC_CHRIX	380000	77	94	78	91	309	174	175	175	141	116	94	91	94
SC_CHRIX	390000	107	104	106	117	280	86	86	91	70	67	63	70	69
SC_CHRIX	400000	64	48	48	66	180	81	81	81	43	59	48	61	48
SC_CHRIX	410000	60	51	19	65	235	68	68	68	48	56	46	129	46
SC_CHRIX	420000	121	68	5	136	277	137	140	137	126	131	68	62	68
SC_CHRIX	430000	19	136	0	151	223	51	61	54	54	48	9	15	10
SC_CHRVI	0	0	0	0	0	22	0	7	0	15	0	0	0	0
SC_CHRVI	10000	103	16	38	221	368	117	139	117	24	34	44	28	43
SC_CHRVI	20000	84	46	70	85	314	153	140	139	75	77	64	77	64
SC_CHRVI	30000	107	91	12	114	178	62	62	62	31	44	37	40	37
SC_CHRVI	40000	80	74	32	81	141	58	59	59	39	48	23	41	23
SC_CHRVI	50000	46	43	29	49	109	43	43	43	38	28	34	49	34
SC_CHRVI	60000	22	14	23	32	127	62	62	62	50	48	69	66	69
SC_CHRVI	70000	86	51	83	95	197	58	57	57	60	77	60	64	60
SC_CHRVI	80000	72	68	73	74	159	59	59	59	41	4	62	77	62
SC_CHRVI	90000	64	91	70	72	220	103	103	82	64	71	75	47	74
SC_CHRVI	100000	62	88	69	87	190	109	109	110	57	46	76	65	76
SC_CHRVI	110000	12	55	60	21	179	75	76	76	27	25	65	93	65
SC_CHRVI	120000	38	15	33	38	111	37	37	37	25	11	12	39	12
SC_CHRVI	130000	32	7	12	31	64	15	13	13	13	12	19	17	19
SC_CHRVI	140000	56	6	55	59	111	38	39	40	39	39	61	35	61
SC_CHRVI	150000	68	32	22	65	124	42	43	42	38	45	39	44	39
SC_CHRVI	160000	57	58	22	61	136	52	52	52	45	52	55	42	55
SC_CHRVI	170000	77	47	56	69	156	56	50	56	61	47	57	56	57
SC_CHRVI	180000	31	56	54	32	136	71	72	71	62	56	73	72	71
SC_CHRVI	190000	113	103	111	120	233	93	92	92	85	77	85	86	86
SC_CHRVI	200000	44	41	44	46	181	85	85	85	63	76	56	61	56
SC_CHRVI	210000	9	9	21	10	117	58	58	58	41	36	50	45	50
SC_CHRVI	220000	45	38	63	44	180	79	79	79	47	51	58	60	58
SC_CHRVI	230000	70	65	55	70	147	54	54	54	48	45	47	46	46
SC_CHRVI	240000	26	23	40	24	115	66	67	67	43	47	63	56	63
SC_CHRVI	250000	60	7	43	13	201	82	83	83	56	69	71	121	71
SC_CHRVI	260000	99	8	41	5	148	99	99	99	4	33	95	99	95
SC_CHRVI	270000	0	2	0	0	2	0	0	0	0	0	0	0	0
SC_CHRI	0	84	126	108	99	202	59	77	54	85	87	56	54	57
SC_CHRI	10000	79	37	115	30	484	111	164	91	118	32	120	64	74
SC_CHRI	20000	29	32	2	82	257	95	80	50	20	37	24	102	18
SC_CHRI	30000	146	120	82	168	296	84	85	84	85	126	101	88	101
SC_CHRI	40000	49	66	65	70	238	108	107	107	52	63	59	92	59
SC_CHRI	50000	52	86	83	90	181	52	52	52	61	49	50	63	50
SC_CHRI	60000	31	39	11	36	139	72	73	72	37	21	43	51	43
SC_CHRI	70000	19	23	15	23	129	70	70	70	25	18	69	77	69
SC_CHRI	80000	29	32	30	28	122	63	63	63	41	20	45	41	45
SC_CHRI	90000	11	5	3	5	124	69	69	69	67	62	76	57	76
SC_CHRI	100000	14	5	2	9	111	58	58	58	39	49	47	49	47
SC_CHRI	110000	20	17	11	14	127	64	63	63	51	60	68	28	68
SC_CHRI	120000	8	10	7	10	114	59	59	59	46	37	61	70	61
SC_CHRI	130000	18	74	52	81	147	39	61	30	45	73	35	33	35
SC_CHRI	140000	26	23	17	22	92	42	42	39	31	26	28	39	28
SC_CHRI	150000	37	76	22	77	144	57	52	57	28	66	50	56	50
SC_CHRI	160000	20	16	12	18	53	22	21	22	17	18	15	17	15
SC_CHRI	170000	23	44	35	45	157	54	52	52	46	55	54	60	54
SC_CHRI	180000	125	80	55	104	282	117	98	107	108	38	98	87	98
SC_CHRI	190000	138	184	152	188	393	195	193	196	160	43	185	126	182
SC_CHRI	200000	48	48	54	40	111	76	49	78	64	0	50	50	50
SC_CHRI	210000	0	0	0	0	0	0	0	0	0	0	0	0	0
SC_CHRI	220000	0	0	0	0	23	0	0	0	23	0	0	0	0
SC_CHRI	230000	0	0	0	0	1	0	1	0	0	0	0	0	0
SC_CHRXVI	0	0	0	0	0	0	0	0	0	0	0	0	0	0
SC_CHRXVI	10000	3	4	19	0	36	31	31	31	8	4	20	26	20
SC_CHRXVI	20000	4	22	168	13	332	201	202	201	127	8	193	183	188
SC_CHRXVI	30000	6	10	91	6	144	101	100	101	89	4	85	67	85
SC_CHRXVI	40000	0	26	48	7	159	83	83	83	57	4	57	52	56
SC_CHRXVI	50000	6	28	14	6	78	37	37	37	43	6	49	36	49
SC_CHRXVI	60000	7	26	30	10	177	45	43	43	38	9	126	129	127
SC_CHRXVI	70000	35	31	44	31	112	59	59	59	50	30	53	44	53
SC_CHRXVI	80000	89	17	88	12	128	88	88	88	47	9	68	67	68
SC_CHRXVI	90000	28	48	29	48	116	41	41	41	36	47	33	34	33
SC_CHRXVI	100000	37	76	39	78	152	56	56	56	37	56	33	41	33
SC_CHRXVI	110000	19	50	18	55	119	54	54	54	20	23	21	20	21
SC_CHRXVI	120000	23	60	25	59	136	44	44	44	30	40	33	43	33
SC_CHRXVI	130000	57	13	24	17	158	68	68	70	46	23	50	69	50
SC_CHRXVI	140000	69	7	45	9	155	68	68	68	62	68	63	53	63
SC_CHRXVI	150000	41	14	41	8	109	39	39	39	40	32	40	50	40
SC_CHRXVI	160000	79	7	89	4	160	90	89	90	76	72	83	75	84
SC_CHRXVI	170000	48	26	47	17	97	41	41	41	36	35	45	44	45
SC_CHRXVI	180000	43	39	50	15	120	48	48	49	33	42	48	51	49
SC_CHRXVI	190000	73	21	64	19	177	82	74	82	56	76	68	80	68
SC_CHRXVI	200000	78	11	70	10	175	39	39	39	22	36	41	76	41
SC_CHRXVI	210000	65	16	44	15	177	76	76	76	64	60	74	57	74
SC_CHRXVI	220000	64	14	39	11	153	64	64	64	49	64	52	56	52
SC_CHRXVI	230000	54	53	49	48	152	81	81	81	67	50	59	61	59
SC_CHRXVI	240000	51	25	23	30	118	52	52	52	44	48	52	47	52
SC_CHRXVI	250000	70	23	48	26	151	65	65	65	65	74	72	70	72
SC_CHRXVI	260000	53	20	48	27	115	50	50	50	41	56	51	61	51
SC_CHRXVI	270000	45	38	38	44	120	48	48	48	48	45	45	45	45
SC_CHRXVI	280000	45	29	41	28	134	58	61	60	30	19	56	46	56
SC_CHRXVI	290000	66	16	47	7	155	73	73	73	55	9	59	68	59
SC_CHRXVI	300000	57	10	56	9	121	71	69	71	65	52	70	66	70
SC_CHRXVI	310000	41	8	39	6	104	53	53	53	41	46	41	44	41
SC_CHRXVI	320000	73	6	22	9	148	84	83	83	85	79	78	79	78
SC_CHRXVI	330000	62	22	18	25	172	93	93	93	52	55	61	57	61
SC_CHRXVI	340000	55	9	36	12	235	162	162	163	49	27	65	61	65
SC_CHRXVI	350000	41	20	32	26	146	74	76	75	61	28	68	62	68
SC_CHRXVI	360000	18	22	32	23	121	59	59	59	33	54	50	49	50
SC_CHRXVI	370000	63	54	36	49	126	42	43	40	23	17	25	30	25
SC_CHRXVI	380000	39	41	33	39	110	54	51	54	47	34	44	41	44
SC_CHRXVI	390000	16	34	12	15	69	33	33	33	18	23	25	22	25
SC_CHRXVI	400000	10	52	16	18	128	51	53	53	46	44	49	50	50
SC_CHRXVI	410000	10	38	14	7	87	55	55	55	30	42	31	31	31
SC_CHRXVI	420000	38	61	27	41	125	54	54	54	47	57	59	58	59
SC_CHRXVI	430000	38	32	28	36	83	36	36	36	23	23	25	30	25
SC_CHRXVI	440000	35	16	35	35	73	32	32	32	10	6	15	28	15
SC_CHRXVI	450000	34	33	37	41	130	73	73	73	63	68	67	65	67
SC_CHRXVI	460000	41	39	35	46	112	48	48	44	25	13	33	23	33
SC_CHRXVI	470000	52	53	46	55	135	48	51	51	47	20	50	45	50
SC_CHRXVI	480000	51	53	46	57	152	42	41	42	45	22	35	62	35
SC_CHRXVI	490000	39	41	38	46	112	37	36	36	38	33	27	38	27
SC_CHRXVI	500000	56	45	67	71	157	44	43	44	44	24	44	75	44
SC_CHRXVI	510000	75	38	70	75	137	42	33	42	41	62	37	37	37
SC_CHRXVI	520000	45	88	47	21	182	83	85	90	68	72	64	67	64
SC_CHRXVI	530000	40	43	38	24	103	63	63	63	57	56	56	49	56
SC_CHRXVI	540000	48	80	38	18	126	60	60	60	52	48	53	48	53
SC_CHRXVI	550000	46	58	29	7	114	42	42	42	46	42	45	28	45
SC_CHRXVI	560000	54	24	47	24	111	62	61	63	60	57	62	63	61
SC_CHRXVI	570000	80	6	8	0	108	86	86	86	85	85	83	84	83
SC_CHRXVI	580000	145	10	26	10	230	128	128	128	141	142	125	123	125
SC_CHRXVI	590000	84	6	77	6	156	91	90	90	86	90	98	90	98
SC_CHRXVI	600000	48	28	45	23	120	50	50	50	48	51	54	57	54
SC_CHRXVI	610000	81	15	37	11	136	86	86	86	74	79	84	81	84
SC_CHRXVI	620000	88	22	18	18	182	59	59	59	85	81	82	79	82
SC_CHRXVI	630000	37	7	6	6	119	34	34	34	27	27	39	64	39
SC_CHRXVI	640000	22	12	14	9	84	48	48	48	38	24	34	38	34
SC_CHRXVI	650000	24	22	37	14	149	69	69	69	60	44	51	56	52
SC_CHRXVI	660000	8	12	11	15	92	56	56	56	29	15	42	45	42
SC_CHRXVI	670000	11	4	2	3	125	68	68	69	44	17	64	57	64
SC_CHRXVI	680000	11	11	7	9	127	74	72	71	23	4	71	64	71
SC_CHRXVI	690000	15	27	29	12	107	64	63	64	50	20	61	32	61
SC_CHRXVI	700000	53	11	12	7	107	55	46	55	40	27	57	46	55
SC_CHRXVI	710000	13	27	12	12	88	40	39	39	43	3	44	30	44
SC_CHRXVI	720000	41	14	15	15	99	57	57	57	50	13	60	58	60
SC_CHRXVI	730000	44	20	23	16	100	49	49	49	50	15	51	51	51
SC_CHRXVI	740000	53	25	31	28	113	60	59	61	62	37	62	59	62
SC_CHRXVI	750000	63	29	24	20	120	75	75	76	71	53	74	63	74
SC_CHRXVI	760000	28	7	2	18	73	33	33	34	14	27	29	29	29
SC_CHRXVI	770000	16	11	3	15	113	60	60	60	44	48	53	62	53
SC_CHRXVI	780000	42	8	4	9	130	77	78	77	56	50	54	46	54
SC_CHRXVI	790000	34	10	18	8	114	62	62	62	55	58	62	62	62
SC_CHRXVI	800000	3	10	2	2	93	50	50	50	43	47	51	62	51
SC_CHRXVI	810000	30	12	10	14	113	53	56	56	40	51	46	52	45
SC_CHRXVI	820000	47	12	21	7	117	58	58	58	62	49	57	71	57
SC_CHRXVI	830000	3	34	19	5	93	45	45	45	41	42	40	40	40
SC_CHRXVI	840000	21	11	15	0	83	39	39	39	16	7	16	27	16
SC_CHRXVI	850000	10	8	9	3	24	6	8	5	7	10	9	9	5
SC_CHRXVI	860000	43	30	24	4	95	44	45	45	38	14	38	36	38
SC_CHRXVI	870000	58	22	0	7	114	69	69	69	59	41	52	44	53
SC_CHRXVI	880000	99	14	3	4	182	76	74	76	95	45	101	86	101
SC_CHRXVI	890000	48	10	68	13	138	76	75	76	32	14	73	76	73
SC_CHRXVI	900000	53	12	40	47	163	83	82	83	56	18	76	72	76
SC_CHRXVI	910000	44	15	55	18	113	59	59	59	34	4	46	39	46
SC_CHRXVI	920000	59	64	86	72	282	136	136	137	122	85	112	113	112
SC_CHRXVI	930000	67	11	81	22	254	106	112	109	85	112	114	110	113
SC_CHRXVI	940000	4	2	21	4	54	13	4	2	25	12	22	22	21
SC_CHRIII	0	4	47	58	2	92	0	3	0	38	54	0	4	18
SC_CHRIII	10000	7	40	97	13	167	80	80	80	80	88	85	84	86
SC_CHRIII	20000	3	80	66	5	129	69	69	69	59	64	73	51	73
SC_CHRIII	30000	9	60	8	13	129	70	70	70	58	52	60	52	60
SC_CHRIII	40000	13	30	21	23	125	64	64	64	50	23	46	56	46
SC_CHRIII	50000	25	34	21	32	131	55	55	55	43	47	51	50	51
SC_CHRIII	60000	12	16	39	17	137	93	92	96	54	37	50	52	50
SC_CHRIII	70000	30	23	45	25	147	61	58	61	47	41	66	62	66
SC_CHRIII	80000	10	33	30	18	85	27	40	27	31	28	37	37	34
SC_CHRIII	90000	45	23	5	53	108	32	32	32	34	22	41	33	42
SC_CHRIII	100000	41	38	37	21	96	50	50	50	38	47	45	27	45
SC_CHRIII	110000	84	85	83	8	183	84	84	84	69	70	82	76	82
SC_CHRIII	120000	26	42	49	5	121	60	60	60	50	51	50	48	50
SC_CHRIII	130000	14	37	34	10	84	30	30	30	25	28	26	27	26
SC_CHRIII	140000	10	64	12	13	159	36	44	36	35	33	53	63	53
SC_CHRIII	150000	25	52	39	14	148	79	76	76	45	44	64	57	64
SC_CHRIII	160000	21	14	35	12	133	48	48	48	39	43	35	45	35
SC_CHRIII	170000	10	17	47	9	137	49	39	50	40	46	48	71	49
SC_CHRIII	180000	26	23	41	22	121	65	65	59	49	41	57	56	57
SC_CHRIII	190000	18	2	33	9	78	43	43	43	25	35	37	33	37
SC_CHRIII	200000	28	16	24	11	150	77	77	77	65	30	74	75	74
SC_CHRIII	210000	47	20	71	19	147	54	55	54	62	58	62	62	62
SC_CHRIII	220000	55	16	58	10	174	81	82	82	72	42	86	104	86
SC_CHRIII	230000	24	19	36	27	129	58	59	59	43	50	46	46	45
SC_CHRIII	240000	54	50	44	62	151	56	54	57	44	36	47	37	47
SC_CHRIII	250000	57	56	24	61	118	54	54	54	28	31	35	32	35
SC_CHRIII	260000	28	47	57	44	163	67	67	63	31	29	48	55	48
SC_CHRIII	270000	2	9	68	11	191	68	68	68	49	61	74	107	74
SC_CHRIII	280000	7	22	40	8	128	62	62	62	41	41	41	43	41
SC_CHRIII	290000	28	39	68	28	322	202	186	202	74	76	68	51	69
SC_CHRIII	300000	60	26	66	12	168	70	70	71	68	76	63	53	65
SC_CHRIII	310000	6	52	35	2	206	128	128	128	45	126	21	88	21
SC_CHRVIII	0	3	42	24	25	94	0	9	9	5	8	41	42	41
SC_CHRVIII	10000	66	95	74	70	219	95	97	96	67	74	92	81	92
SC_CHRVIII	20000	23	34	32	20	161	81	81	81	56	66	92	42	92
SC_CHRVIII	30000	41	69	78	28	165	84	84	84	42	75	72	65	72
SC_CHRVIII	40000	41	59	49	43	150	60	60	60	51	51	63	46	63
SC_CHRVIII	50000	32	49	57	42	204	90	90	90	80	59	71	84	71
SC_CHRVIII	60000	27	59	40	62	138	69	69	69	46	41	42	35	42
SC_CHRVIII	70000	60	33	74	34	158	88	88	88	65	94	80	54	78
SC_CHRVIII	80000	35	49	46	56	84	34	33	34	36	51	27	27	27
SC_CHRVIII	90000	226	249	250	256	309	208	227	227	238	250	230	229	231
SC_CHRVIII	100000	34	45	36	44	111	45	43	42	43	33	40	42	40
SC_CHRVIII	110000	67	24	65	30	152	80	80	80	42	65	75	67	75
SC_CHRVIII	120000	40	32	22	40	131	63	56	60	31	23	45	56	45
SC_CHRVIII	130000	25	66	0	69	157	67	67	67	54	12	53	42	53
SC_CHRVIII	140000	90	19	6	23	163	76	76	76	45	38	83	57	83
SC_CHRVIII	150000	42	89	0	94	161	88	80	85	75	90	29	26	30
SC_CHRVIII	160000	37	50	0	78	137	40	48	40	55	38	41	41	41
SC_CHRVIII	170000	62	70	43	79	194	67	67	67	67	22	37	68	37
SC_CHRVIII	180000	26	46	50	60	128	46	46	46	51	41	28	23	28
SC_CHRVIII	190000	27	20	37	28	142	76	76	76	34	23	56	46	56
SC_CHRVIII	200000	53	15	17	16	146	71	68	69	16	17	66	60	66
SC_CHRVIII	210000	54	29	18	33	115	50	50	52	31	23	55	51	55
SC_CHRVIII	220000	30	39	37	36	134	62	63	62	40	56	50	55	50
SC_CHRVIII	230000	59	4	12	8	117	68	65	68	2	47	68	38	68
SC_CHRVIII	240000	36	8	38	5	100	55	56	55	20	41	44	40	44
SC_CHRVIII	250000	52	30	52	9	125	71	71	71	47	57	46	32	46
SC_CHRVIII	260000	38	17	46	2	114	50	50	50	47	55	49	50	49
SC_CHRVIII	270000	3	4	36	4	82	43	42	43	30	39	46	45	46
SC_CHRVIII	280000	9	12	26	12	84	36	36	36	33	42	35	43	35
SC_CHRVIII	290000	2	35	46	3	149	87	77	87	83	103	79	48	79
SC_CHRVIII	300000	0	9	27	5	82	28	20	28	33	42	38	45	38
SC_CHRVIII	310000	1	18	61	20	117	63	31	63	52	62	55	62	56
SC_CHRVIII	320000	1	11	41	6	129	56	52	56	33	34	42	62	42
SC_CHRVIII	330000	14	16	16	16	136	67	49	67	21	45	58	86	58
SC_CHRVIII	340000	1	15	1	5	119	67	30	67	57	45	58	49	58
SC_CHRVIII	350000	8	7	8	5	125	67	65	67	61	42	64	66	64
SC_CHRVIII	360000	4	17	5	7	128	59	59	59	58	64	65	64	65
SC_CHRVIII	370000	4	4	12	12	144	76	76	76	64	71	73	69	74
SC_CHRVIII	380000	62	89	38	87	182	55	65	59	58	40	27	37	32
SC_CHRVIII	390000	15	84	75	73	176	43	56	58	61	38	38	49	48
SC_CHRVIII	400000	25	47	44	48	132	35	35	35	30	41	33	48	33
SC_CHRVIII	410000	35	19	39	23	115	40	40	40	35	40	32	31	32
SC_CHRVIII	420000	42	37	35	40	172	50	48	50	39	41	46	61	46
SC_CHRVIII	430000	55	45	16	44	113	31	32	31	37	38	57	52	57
SC_CHRVIII	440000	42	14	45	24	91	45	42	44	35	45	48	44	48
SC_CHRVIII	450000	69	11	38	11	170	80	84	80	59	93	79	80	79
SC_CHRVIII	460000	94	45	64	42	185	73	73	83	63	74	66	66	66
SC_CHRVIII	470000	31	6	5	7	88	42	42	42	38	32	40	40	39
SC_CHRVIII	480000	54	19	16	19	113	48	48	48	43	22	56	49	56
SC_CHRVIII	490000	32	2	5	11	106	64	64	65	34	14	54	51	54
SC_CHRVIII	500000	23	14	12	10	96	54	54	54	43	0	45	48	45
SC_CHRVIII	510000	53	30	25	33	131	64	63	63	46	18	44	48	44
SC_CHRVIII	520000	100	26	32	17	260	62	62	62	62	21	93	154	93
SC_CHRVIII	530000	0	0	0	0	0	0	0	0	0	0	0	0	0
SC_CHRVIII	540000	0	0	0	0	0	0	0	0	0	0	0	0	0
SC_CHRVIII	550000	2	2	1	1	103	68	32	66	2	2	6	0	2
SC_CHRXI	0	42	71	68	50	138	46	46	46	50	42	31	35	31
SC_CHRXI	10000	82	107	113	109	220	72	72	72	45	12	48	31	48
SC_CHRXI	20000	84	39	75	93	197	93	93	93	50	26	63	80	63
SC_CHRXI	30000	33	31	38	43	123	67	67	67	47	47	56	56	56
SC_CHRXI	40000	34	67	3	98	184	62	61	61	63	53	53	48	53
SC_CHRXI	50000	26	32	1	38	91	42	21	42	29	38	20	32	20
SC_CHRXI	60000	49	45	28	34	192	108	82	108	65	31	75	86	84
SC_CHRXI	70000	28	28	50	51	213	73	71	72	72	34	61	113	61
SC_CHRXI	80000	73	65	68	86	193	75	75	75	68	60	65	60	65
SC_CHRXI	90000	89	86	51	86	191	91	92	91	75	83	90	100	90
SC_CHRXI	100000	21	28	21	31	65	22	22	22	24	27	33	29	33
SC_CHRXI	110000	31	47	5	53	113	35	35	35	26	30	15	24	15
SC_CHRXI	120000	32	35	0	61	135	47	47	47	21	27	30	39	30
SC_CHRXI	130000	61	43	8	54	121	47	48	47	35	54	49	43	49
SC_CHRXI	140000	94	101	84	99	218	97	74	97	41	89	41	51	41
SC_CHRXI	150000	28	33	27	31	101	48	47	48	31	26	38	37	38
SC_CHRXI	160000	27	30	5	7	94	45	43	45	22	6	40	34	40
SC_CHRXI	170000	48	40	48	45	137	56	57	56	47	52	52	52	52
SC_CHRXI	180000	35	39	44	40	99	27	25	27	26	41	36	35	36
SC_CHRXI	190000	51	34	54	39	118	61	61	61	55	37	52	51	52
SC_CHRXI	200000	53	42	22	51	149	51	51	51	61	26	69	72	69
SC_CHRXI	210000	58	72	30	83	146	53	51	52	51	39	55	36	55
SC_CHRXI	220000	62	62	55	61	136	65	66	68	38	24	36	39	37
SC_CHRXI	230000	76	90	24	96	212	91	91	93	33	31	33	51	33
SC_CHRXI	240000	28	52	30	82	144	59	58	58	37	34	39	34	39
SC_CHRXI	250000	30	22	37	58	151	45	45	45	29	24	51	52	51
SC_CHRXI	260000	46	34	59	82	146	55	55	55	32	46	41	47	41
SC_CHRXI	270000	57	37	67	51	149	83	82	83	60	65	60	56	60
SC_CHRXI	280000	10	4	28	6	91	53	53	54	51	34	52	55	52
SC_CHRXI	290000	8	3	33	7	82	50	50	50	45	39	47	47	47
SC_CHRXI	300000	22	15	13	21	116	74	74	75	65	65	71	67	72
SC_CHRXI	310000	95	104	129	129	212	109	109	130	108	97	91	90	96
SC_CHRXI	320000	24	33	15	18	171	82	82	82	50	51	71	87	71
SC_CHRXI	330000	9	24	5	15	143	79	79	80	59	46	57	48	57
SC_CHRXI	340000	46	55	28	6	122	67	67	67	55	58	60	31	60
SC_CHRXI	350000	48	60	51	47	215	93	93	94	39	47	61	87	61
SC_CHRXI	360000	6	66	7	61	181	110	110	110	91	91	101	101	101
SC_CHRXI	370000	57	44	56	68	160	47	65	47	51	33	55	64	55
SC_CHRXI	380000	78	33	78	74	137	44	44	45	41	39	37	37	37
SC_CHRXI	390000	83	22	62	84	172	46	45	46	44	57	40	67	39
SC_CHRXI	400000	46	39	47	50	124	41	39	39	19	25	35	47	35
SC_CHRXI	410000	63	33	64	65	110	42	42	42	31	54	32	35	32
SC_CHRXI	420000	33	16	35	39	92	23	21	23	28	35	17	36	17
SC_CHRXI	430000	36	35	33	37	94	42	39	42	40	36	42	43	42
SC_CHRXI	440000	20	29	17	12	90	49	49	49	23	15	41	42	41
SC_CHRXI	450000	13	52	4	10	98	51	51	51	23	12	40	48	40
SC_CHRXI	460000	9	46	23	21	159	70	70	69	53	20	66	85	66
SC_CHRXI	470000	17	55	31	29	118	51	51	51	43	7	57	34	57
SC_CHRXI	480000	13	66	15	18	151	74	74	74	44	14	60	59	60
SC_CHRXI	490000	8	64	10	6	144	70	70	70	59	4	67	54	67
SC_CHRXI	500000	64	42	52	67	152	49	49	49	61	54	41	67	41
SC_CHRXI	510000	43	55	17	68	159	63	58	63	47	49	41	40	42
SC_CHRXI	520000	31	39	10	53	135	25	25	25	31	37	24	72	24
SC_CHRXI	530000	26	36	16	37	75	28	28	28	23	27	24	19	24
SC_CHRXI	540000	3	53	4	53	116	50	49	49	47	54	53	49	53
SC_CHRXI	550000	14	57	11	60	117	56	56	56	50	56	51	46	51
SC_CHRXI	560000	52	49	46	49	115	49	49	49	47	46	50	55	50
SC_CHRXI	570000	11	54	58	76	136	63	62	62	37	30	48	47	48
SC_CHRXI	580000	54	70	46	44	170	88	88	88	73	66	72	82	72
SC_CHRXI	590000	0	42	42	55	113	39	39	39	36	21	31	34	31
SC_CHRXI	600000	23	30	41	42	96	43	43	43	32	21	34	35	34
SC_CHRXI	610000	68	57	62	77	194	48	48	49	57	59	37	65	38
SC_CHRXI	620000	46	55	35	56	174	66	66	66	40	49	55	71	55
SC_CHRXI	630000	42	28	28	45	108	30	29	30	24	30	24	22	24
SC_CHRXI	640000	23	14	56	18	148	46	9	51	40	46	45	50	44
SC_CHRXI	650000	53	48	68	18	120	50	56	48	59	58	63	78	64
SC_CHRXI	660000	0	0	0	1	6	0	0	5	0	0	0	0	0
SC_CHRXIII	0	2	4	21	2	54	37	9	8	28	16	26	25	27
SC_CHRXIII	10000	4	27	64	7	135	78	78	78	68	64	71	72	71
SC_CHRXIII	20000	87	73	96	20	185	123	122	122	96	89	106	114	105
SC_CHRXIII	30000	36	41	26	48	126	71	70	70	49	38	39	37	39
SC_CHRXIII	40000	36	32	32	39	172	51	51	51	64	70	44	59	43
SC_CHRXIII	50000	60	36	58	58	146	48	48	48	39	42	44	65	44
SC_CHRXIII	60000	39	50	39	41	153	74	74	74	46	41	65	71	66
SC_CHRXIII	70000	52	35	54	61	166	89	89	89	62	55	75	46	75
SC_CHRXIII	80000	26	44	68	69	154	58	57	57	44	41	41	44	41
SC_CHRXIII	90000	13	59	67	55	140	51	51	51	31	31	28	28	28
SC_CHRXIII	100000	9	52	48	53	113	49	49	49	29	45	39	35	39
SC_CHRXIII	110000	15	32	32	41	91	32	32	32	26	23	32	40	32
SC_CHRXIII	120000	19	65	67	69	125	44	44	44	54	46	41	42	40
SC_CHRXIII	130000	4	27	59	65	142	61	61	61	41	42	66	68	58
SC_CHRXIII	140000	10	27	27	31	82	36	36	36	22	31	30	28	30
SC_CHRXIII	150000	68	23	27	15	130	59	59	60	49	43	50	44	50
SC_CHRXIII	160000	29	41	34	55	140	50	52	50	37	17	33	52	41
SC_CHRXIII	170000	48	51	38	11	128	57	57	57	16	51	56	54	56
SC_CHRXIII	180000	18	26	25	23	71	20	20	20	20	15	24	28	24
SC_CHRXIII	190000	31	29	55	51	134	54	54	54	51	35	34	35	34
SC_CHRXIII	200000	63	30	27	15	123	39	38	39	16	37	34	34	33
SC_CHRXIII	210000	60	31	16	16	116	54	54	54	43	56	50	49	50
SC_CHRXIII	220000	45	53	48	52	151	49	50	49	26	39	35	55	34
SC_CHRXIII	230000	22	64	39	64	133	46	46	46	46	55	34	47	33
SC_CHRXIII	240000	17	26	37	54	84	17	35	17	22	20	26	15	21
SC_CHRXIII	250000	33	32	34	42	89	31	30	31	20	20	13	23	13
SC_CHRXIII	260000	32	48	44	47	102	52	52	52	36	32	37	31	37
SC_CHRXIII	270000	41	59	58	63	122	29	27	29	17	22	19	34	20
SC_CHRXIII	280000	19	25	28	29	113	49	48	48	37	41	36	56	36
SC_CHRXIII	290000	38	46	38	45	103	37	37	37	26	29	22	19	22
SC_CHRXIII	300000	25	31	23	19	116	65	65	65	51	43	31	24	31
SC_CHRXIII	310000	18	34	11	14	130	57	58	57	46	31	37	39	37
SC_CHRXIII	320000	9	18	10	6	85	44	44	44	40	15	38	38	38
SC_CHRXIII	330000	6	38	14	10	109	56	56	56	51	22	57	40	57
SC_CHRXIII	340000	22	23	4	7	117	63	63	63	51	48	52	55	52
SC_CHRXIII	350000	7	29	16	10	78	45	41	45	34	45	36	33	36
SC_CHRXIII	360000	38	38	47	38	111	45	45	41	40	43	43	45	43
SC_CHRXIII	370000	53	52	51	51	101	40	40	40	36	58	55	51	55
SC_CHRXIII	380000	25	25	14	31	90	37	37	37	25	31	28	32	28
SC_CHRXIII	390000	56	50	25	58	116	46	45	46	30	34	44	42	44
SC_CHRXIII	400000	17	18	69	33	160	55	55	55	28	44	36	44	40
SC_CHRXIII	410000	30	20	11	10	98	53	53	53	46	46	43	42	43
SC_CHRXIII	420000	24	38	4	4	106	60	60	60	42	55	53	51	53
SC_CHRXIII	430000	34	66	41	39	181	72	72	72	57	63	64	96	64
SC_CHRXIII	440000	64	75	91	97	168	77	77	77	62	58	55	58	55
SC_CHRXIII	450000	20	27	47	29	133	55	55	55	39	40	49	41	49
SC_CHRXIII	460000	20	21	42	12	129	74	74	74	64	32	56	42	56
SC_CHRXIII	470000	18	16	41	15	91	43	43	43	40	25	41	41	41
SC_CHRXIII	480000	46	47	9	59	126	68	67	67	27	20	19	28	19
SC_CHRXIII	490000	69	51	42	73	142	65	65	65	54	48	15	27	16
SC_CHRXIII	500000	60	42	34	66	112	40	40	40	44	40	6	13	7
SC_CHRXIII	510000	65	53	40	62	154	78	78	78	55	35	55	57	55
SC_CHRXIII	520000	2	2	39	1	71	33	33	33	39	53	31	30	31
SC_CHRXIII	530000	3	10	30	20	101	53	53	53	44	31	47	38	48
SC_CHRXIII	540000	22	8	59	16	105	63	63	63	50	34	54	49	54
SC_CHRXIII	550000	26	24	45	28	94	49	49	49	40	29	45	46	44
SC_CHRXIII	560000	55	60	37	63	187	59	57	59	46	42	113	63	113
SC_CHRXIII	570000	53	53	29	56	145	55	55	55	42	41	33	55	33
SC_CHRXIII	580000	46	53	47	54	138	40	48	38	50	48	50	48	42
SC_CHRXIII	590000	28	36	47	35	112	37	38	37	34	42	49	58	49
SC_CHRXIII	600000	50	44	63	48	183	54	58	59	27	28	75	65	72
SC_CHRXIII	610000	3	8	34	7	104	47	46	48	30	14	52	50	52
SC_CHRXIII	620000	8	11	18	14	131	67	67	67	60	42	60	56	60
SC_CHRXIII	630000	19	17	17	19	94	26	26	26	33	23	32	39	33
SC_CHRXIII	640000	27	29	27	27	142	70	70	70	42	37	69	65	68
SC_CHRXIII	650000	25	32	26	28	107	51	49	51	39	30	48	52	48
SC_CHRXIII	660000	17	18	28	23	114	58	56	58	38	27	44	48	44
SC_CHRXIII	670000	4	14	35	21	102	56	56	56	28	22	38	28	38
SC_CHRXIII	680000	23	29	32	28	106	44	45	44	30	25	45	39	45
SC_CHRXIII	690000	25	28	48	20	122	57	57	57	39	48	61	59	61
SC_CHRXIII	700000	25	19	86	19	164	87	87	87	89	22	84	78	84
SC_CHRXIII	710000	30	13	58	32	144	79	44	77	58	26	63	64	62
SC_CHRXIII	720000	19	4	44	11	128	68	68	68	35	48	46	57	46
SC_CHRXIII	730000	21	8	42	14	110	58	58	58	41	39	33	27	33
SC_CHRXIII	740000	8	7	57	5	98	64	64	64	35	14	61	57	61
SC_CHRXIII	750000	20	27	41	18	196	142	141	141	72	37	74	76	75
SC_CHRXIII	760000	19	13	47	11	190	120	120	120	112	116	112	114	115
SC_CHRXIII	770000	28	11	14	9	157	99	99	99	87	87	89	93	89
SC_CHRXIII	780000	13	11	11	12	114	59	59	59	41	51	53	55	53
SC_CHRXIII	790000	6	17	2	4	127	74	74	74	76	70	68	59	68
SC_CHRXIII	800000	1	16	4	4	237	123	133	133	112	126	118	109	118
SC_CHRXIII	810000	7	10	14	6	123	70	71	70	69	69	68	56	68
SC_CHRXIII	820000	10	17	8	13	135	77	75	76	72	57	71	70	71
SC_CHRXIII	830000	15	25	12	12	107	59	57	60	49	40	50	49	50
SC_CHRXIII	840000	44	39	39	48	138	58	58	58	38	54	43	39	43
SC_CHRXIII	850000	25	43	55	33	124	53	54	54	44	52	48	45	48
SC_CHRXIII	860000	30	23	54	29	115	51	50	50	40	37	34	43	34
SC_CHRXIII	870000	34	42	34	36	85	52	52	52	40	35	29	27	29
SC_CHRXIII	880000	43	20	9	43	89	29	29	29	20	40	28	33	28
SC_CHRXIII	890000	16	17	22	20	111	70	70	70	34	35	28	30	28
SC_CHRXIII	900000	128	101	118	64	377	236	237	237	99	122	44	39	44
SC_CHRXIII	910000	40	31	20	41	191	105	105	105	46	70	72	71	76
SC_CHRXIII	920000	7	0	0	0	7	0	0	0	0	0	0	0	0
SC_CHRX	0	0	0	0	0	0	0	0	0	0	0	0	0	0
SC_CHRX	10000	24	14	9	0	26	5	0	0	6	0	3	5	3
SC_CHRX	20000	165	177	35	168	508	302	221	271	218	191	72	74	67
SC_CHRX	30000	93	93	61	95	289	171	73	172	55	89	59	54	59
SC_CHRX	40000	42	43	5	48	91	46	40	46	21	40	23	26	23
SC_CHRX	50000	70	70	0	71	160	74	74	77	34	59	33	49	33
SC_CHRX	60000	51	53	0	52	200	83	82	83	56	79	53	103	53
SC_CHRX	70000	54	58	3	54	165	91	91	91	43	88	51	58	51
SC_CHRX	80000	88	86	2	91	170	63	63	63	38	55	48	53	48
SC_CHRX	90000	75	54	1	79	144	73	73	73	37	60	28	28	28
SC_CHRX	100000	57	20	2	58	137	79	78	79	42	69	38	31	38
SC_CHRX	110000	85	53	27	89	205	102	102	102	47	47	39	39	39
SC_CHRX	120000	78	43	73	87	214	54	54	54	24	45	63	83	63
SC_CHRX	130000	37	53	49	39	151	99	102	99	90	89	62	49	62
SC_CHRX	140000	38	44	38	40	168	103	103	103	63	68	83	80	83
SC_CHRX	150000	29	37	55	34	126	66	65	66	53	55	49	42	49
SC_CHRX	160000	55	18	35	53	130	64	60	64	40	42	45	51	45
SC_CHRX	170000	14	25	26	14	92	59	59	59	58	57	44	39	44
SC_CHRX	180000	38	28	37	30	121	67	67	68	46	48	46	46	46
SC_CHRX	190000	28	26	29	28	81	53	50	53	23	54	24	25	24
SC_CHRX	200000	18	46	12	49	122	56	56	56	25	60	45	38	45
SC_CHRX	210000	78	38	17	26	152	68	62	71	66	62	74	66	74
SC_CHRX	220000	41	21	33	22	136	67	64	68	42	64	53	56	53
SC_CHRX	230000	91	9	53	2	154	90	89	92	67	93	76	64	76
SC_CHRX	240000	75	12	17	13	173	109	105	107	65	106	70	69	70
SC_CHRX	250000	67	11	14	8	190	137	136	137	52	145	59	60	59
SC_CHRX	260000	52	12	22	12	129	68	67	68	56	64	54	56	54
SC_CHRX	270000	27	6	16	11	105	46	41	50	39	33	39	40	39
SC_CHRX	280000	30	40	29	11	118	63	63	63	51	58	51	48	51
SC_CHRX	290000	68	75	42	21	208	100	100	100	112	93	105	74	105
SC_CHRX	300000	47	9	11	13	137	67	67	67	37	33	51	54	51
SC_CHRX	310000	54	34	46	13	129	59	58	59	41	26	58	61	58
SC_CHRX	320000	40	69	40	57	166	79	79	79	40	54	48	43	48
SC_CHRX	330000	29	11	25	65	163	60	60	60	50	61	30	32	30
SC_CHRX	340000	15	20	14	62	158	55	55	55	32	54	37	56	37
SC_CHRX	350000	27	26	25	54	174	49	58	50	43	39	52	52	50
SC_CHRX	360000	18	38	33	52	104	40	41	40	33	36	39	42	39
SC_CHRX	370000	10	44	33	67	160	37	43	37	36	44	66	70	43
SC_CHRX	380000	16	48	53	53	118	45	46	45	24	36	28	23	28
SC_CHRX	390000	36	30	32	31	139	59	62	62	29	66	48	54	48
SC_CHRX	400000	24	61	44	45	147	41	39	39	22	55	32	34	39
SC_CHRX	410000	42	33	34	49	104	48	44	60	29	32	23	15	22
SC_CHRX	420000	14	19	14	30	127	37	36	36	24	31	23	63	23
SC_CHRX	430000	11	37	23	44	106	41	40	41	26	26	26	45	26
SC_CHRX	440000	45	20	33	22	107	45	44	44	50	35	45	58	45
SC_CHRX	450000	16	30	3	41	96	28	28	28	25	23	27	33	27
SC_CHRX	460000	38	30	31	44	127	48	48	48	38	48	47	53	48
SC_CHRX	470000	17	14	17	15	44	11	10	9	8	12	5	8	5
SC_CHRX	480000	23	25	29	33	78	40	40	40	16	5	8	10	8
SC_CHRX	490000	8	34	11	40	88	37	37	37	18	13	17	30	17
SC_CHRX	500000	26	68	24	71	140	54	54	54	15	20	33	40	33
SC_CHRX	510000	42	62	43	67	155	86	86	86	40	36	44	44	45
SC_CHRX	520000	46	41	53	41	154	61	62	62	64	49	59	45	60
SC_CHRX	530000	40	35	39	50	118	50	51	51	44	49	46	50	46
SC_CHRX	540000	33	71	38	69	145	50	50	50	35	35	46	58	46
SC_CHRX	550000	60	17	39	23	116	51	51	52	61	36	63	55	63
SC_CHRX	560000	58	12	18	11	101	55	55	55	45	22	44	32	43
SC_CHRX	570000	34	43	48	44	124	64	64	64	39	37	38	33	38
SC_CHRX	580000	43	39	26	79	166	76	76	76	53	46	36	22	36
SC_CHRX	590000	23	13	16	47	124	49	49	49	44	31	38	45	38
SC_CHRX	600000	10	9	10	98	224	121	122	122	56	56	30	52	30
SC_CHRX	610000	39	43	54	11	157	63	62	62	41	38	54	88	54
SC_CHRX	620000	55	36	38	71	139	59	57	57	53	46	44	43	45
SC_CHRX	630000	9	10	41	16	97	50	50	50	37	33	40	39	40
SC_CHRX	640000	32	23	48	25	148	77	77	77	71	36	74	76	74
SC_CHRX	650000	22	49	57	23	160	85	85	85	63	18	65	78	66
SC_CHRX	660000	50	44	45	40	122	61	61	61	58	41	53	52	53
SC_CHRX	670000	15	20	18	10	89	43	39	42	35	31	46	46	46
SC_CHRX	680000	17	28	24	13	87	39	39	40	33	28	43	46	43
SC_CHRX	690000	13	7	13	7	82	39	39	39	38	27	33	37	33
SC_CHRX	700000	36	33	35	43	126	59	55	55	58	55	51	56	51
SC_CHRX	710000	4	9	15	20	120	52	26	26	55	47	36	50	39
SC_CHRX	720000	7	10	28	19	118	64	64	64	64	66	73	76	73
SC_CHRVII	0	34	42	33	35	138	42	35	46	48	77	57	38	57
SC_CHRVII	10000	256	251	256	260	350	170	131	170	68	257	47	50	47
SC_CHRVII	20000	75	79	80	81	189	90	90	90	27	76	61	85	61
SC_CHRVII	30000	12	14	14	10	118	70	70	70	52	25	71	75	71
SC_CHRVII	40000	31	33	28	31	107	49	49	49	32	22	48	42	48
SC_CHRVII	50000	32	34	32	34	112	42	42	42	36	22	35	44	35
SC_CHRVII	60000	23	23	26	27	96	53	53	53	43	12	48	42	48
SC_CHRVII	70000	60	62	64	65	159	70	77	70	40	56	56	58	56
SC_CHRVII	80000	46	36	41	43	115	39	39	39	38	37	42	31	42
SC_CHRVII	90000	46	34	52	39	120	50	49	50	43	31	43	47	43
SC_CHRVII	100000	58	27	66	70	137	71	71	71	53	27	44	56	44
SC_CHRVII	110000	76	6	53	69	140	42	48	48	21	45	43	30	41
SC_CHRVII	120000	91	74	91	93	171	62	61	62	54	86	31	35	31
SC_CHRVII	130000	108	108	83	109	159	32	71	32	23	108	13	29	13
SC_CHRVII	140000	91	106	70	97	193	70	86	69	61	95	53	65	53
SC_CHRVII	150000	14	26	6	13	149	96	98	96	74	27	95	102	100
SC_CHRVII	160000	32	25	24	38	101	57	57	57	49	31	48	48	48
SC_CHRVII	170000	53	47	50	60	146	78	75	78	48	50	61	57	61
SC_CHRVII	180000	45	44	49	49	137	85	85	85	62	51	66	62	66
SC_CHRVII	190000	39	60	40	45	226	99	99	99	50	42	63	122	63
SC_CHRVII	200000	64	62	63	66	204	119	120	122	44	42	79	80	79
SC_CHRVII	210000	54	49	45	62	140	82	81	82	53	53	66	68	66
SC_CHRVII	220000	9	5	44	2	110	48	52	48	41	41	63	22	63
SC_CHRVII	230000	8	16	60	4	117	51	51	51	50	50	52	53	52
SC_CHRVII	240000	6	14	39	4	116	23	23	24	27	27	23	56	23
SC_CHRVII	250000	14	27	42	14	112	49	49	49	44	44	48	63	48
SC_CHRVII	260000	3	54	3	3	94	61	58	61	50	49	49	56	49
SC_CHRVII	270000	17	63	20	18	123	71	71	71	56	57	62	60	62
SC_CHRVII	280000	11	67	11	9	163	79	79	79	72	72	68	74	68
SC_CHRVII	290000	18	42	20	21	84	43	43	43	21	41	36	34	36
SC_CHRVII	300000	28	64	37	42	122	63	62	62	14	67	48	49	48
SC_CHRVII	310000	27	62	28	22	151	59	59	59	2	60	69	72	69
SC_CHRVII	320000	48	169	22	3	320	207	207	206	0	156	174	164	177
SC_CHRVII	330000	28	45	46	12	126	56	56	56	2	54	55	56	55
SC_CHRVII	340000	15	40	10	8	108	44	43	44	2	36	49	48	49
SC_CHRVII	350000	33	43	30	31	138	58	58	58	61	48	52	54	52
SC_CHRVII	360000	21	22	19	28	154	79	78	79	54	38	66	60	66
SC_CHRVII	370000	19	24	20	25	112	55	55	55	35	56	62	57	62
SC_CHRVII	380000	8	26	6	9	81	45	45	45	36	26	42	42	42
SC_CHRVII	390000	38	45	43	44	156	65	65	65	65	49	80	85	80
SC_CHRVII	400000	25	20	32	31	133	31	28	31	20	40	38	39	27
SC_CHRVII	410000	46	37	50	48	160	69	69	68	39	31	31	51	31
SC_CHRVII	420000	24	31	19	9	139	71	72	71	62	61	65	61	65
SC_CHRVII	430000	22	19	25	22	148	93	95	95	70	67	72	70	72
SC_CHRVII	440000	28	35	30	31	332	79	79	79	68	62	69	269	69
SC_CHRVII	450000	43	32	30	44	92	41	41	42	16	17	22	30	22
SC_CHRVII	460000	47	39	29	47	117	36	35	36	36	28	30	54	30
SC_CHRVII	470000	39	37	31	40	98	53	53	53	30	35	36	36	36
SC_CHRVII	480000	37	36	2	38	74	31	32	31	18	16	24	20	24
SC_CHRVII	490000	72	61	19	63	129	41	41	41	20	25	19	22	19
SC_CHRVII	500000	49	47	28	50	100	27	27	27	17	18	26	26	26
SC_CHRVII	510000	24	23	29	22	121	67	67	67	36	40	45	40	45
SC_CHRVII	520000	39	37	46	43	123	49	50	50	40	41	43	38	43
SC_CHRVII	530000	26	25	21	30	68	27	24	23	16	14	15	23	15
SC_CHRVII	540000	60	55	18	55	113	56	55	55	22	32	26	26	26
SC_CHRVII	550000	33	33	20	39	113	42	42	42	25	35	29	39	29
SC_CHRVII	560000	30	24	14	30	64	41	28	27	11	9	7	9	4
SC_CHRVII	570000	8	10	45	9	88	43	43	43	33	38	39	35	39
SC_CHRVII	580000	12	23	25	11	133	73	72	72	60	42	56	76	56
SC_CHRVII	590000	7	19	8	15	132	71	71	71	61	55	62	69	62
SC_CHRVII	600000	30	3	4	7	138	67	67	67	41	47	55	46	55
SC_CHRVII	610000	61	5	34	7	124	48	48	48	32	30	34	35	34
SC_CHRVII	620000	39	24	74	10	156	72	72	72	42	57	58	52	58
SC_CHRVII	630000	10	15	47	12	132	68	68	68	29	39	54	55	54
SC_CHRVII	640000	7	9	23	6	108	62	62	62	54	53	51	48	51
SC_CHRVII	650000	26	19	69	16	175	83	83	83	70	84	91	94	91
SC_CHRVII	660000	9	15	52	10	125	80	80	80	63	67	71	69	71
SC_CHRVII	670000	16	24	33	9	127	64	59	64	65	54	62	60	62
SC_CHRVII	680000	48	19	28	3	127	65	64	65	47	58	57	57	57
SC_CHRVII	690000	54	7	6	6	99	56	56	56	46	46	46	43	46
SC_CHRVII	700000	16	3	4	6	94	53	56	52	27	31	30	34	31
SC_CHRVII	710000	12	11	9	4	121	59	58	59	12	89	68	79	68
SC_CHRVII	720000	7	14	10	12	106	75	75	75	43	58	62	55	62
SC_CHRVII	730000	4	6	24	5	155	91	91	91	63	78	92	86	92
SC_CHRVII	740000	9	51	10	15	157	83	82	83	83	83	83	85	82
SC_CHRVII	750000	4	22	44	5	116	65	65	65	50	47	54	55	54
SC_CHRVII	760000	6	46	22	10	114	66	67	66	49	49	56	60	57
SC_CHRVII	770000	4	7	79	6	195	96	97	96	88	86	90	95	90
SC_CHRVII	780000	35	33	70	32	182	76	76	76	59	62	64	88	64
SC_CHRVII	790000	67	32	67	74	139	63	63	63	19	33	38	39	38
SC_CHRVII	800000	51	40	61	64	153	46	46	46	23	49	26	27	25
SC_CHRVII	810000	1	10	4	16	29	10	11	10	11	5	1	7	1
SC_CHRVII	820000	18	9	0	14	80	43	43	44	32	2	23	31	24
SC_CHRVII	830000	54	28	35	25	126	60	60	60	44	28	50	50	47
SC_CHRVII	840000	47	25	60	7	128	68	68	68	63	11	70	65	70
SC_CHRVII	850000	23	29	22	71	158	58	57	57	28	68	42	38	42
SC_CHRVII	860000	5	36	31	74	152	50	51	50	36	65	33	27	33
SC_CHRVII	870000	35	48	43	65	132	38	37	42	42	41	40	47	45
SC_CHRVII	880000	30	60	32	69	206	67	67	68	35	37	33	63	33
SC_CHRVII	890000	51	39	45	45	239	166	166	166	29	28	36	27	35
SC_CHRVII	900000	53	41	46	44	192	102	102	102	44	48	51	60	51
SC_CHRVII	910000	44	67	61	74	207	82	99	82	45	25	39	50	39
SC_CHRVII	920000	27	21	27	20	108	48	47	49	22	28	31	39	31
SC_CHRVII	930000	37	25	27	30	140	80	80	80	69	68	64	66	64
SC_CHRVII	940000	21	40	35	46	151	83	83	83	51	57	54	38	54
SC_CHRVII	950000	82	84	92	88	181	77	76	77	61	64	78	82	78
SC_CHRVII	960000	17	17	17	17	117	79	79	79	60	47	61	71	61
SC_CHRVII	970000	21	18	23	22	109	66	66	66	46	53	53	59	53
SC_CHRVII	980000	80	74	79	79	144	86	89	86	84	66	85	50	85
SC_CHRVII	990000	91	62	66	92	174	42	42	42	42	59	57	61	57
SC_CHRVII	1000000	62	56	60	67	146	42	42	42	46	60	57	64	57
SC_CHRVII	1010000	7	16	27	11	119	46	47	46	55	44	50	53	50
SC_CHRVII	1020000	5	18	13	13	126	71	71	71	37	40	42	41	42
SC_CHRVII	1030000	9	15	7	11	101	55	55	55	34	56	39	43	54
SC_CHRVII	1040000	13	14	18	23	131	68	68	68	12	34	1	37	31
SC_CHRVII	1050000	46	42	46	57	122	45	45	45	22	23	35	44	35
SC_CHRVII	1060000	62	68	73	75	156	53	53	53	38	48	40	41	46
SC_CHRVII	1070000	70	67	75	0	151	84	67	79	16	43	14	18	15
SC_CHRVII	1080000	0	1	0	4	6	0	0	0	0	1	0	0	0
SC_CHRIV	0	0	0	0	0	0	0	0	0	0	0	0	0	0
SC_CHRIV	10000	10	3	1	3	36	22	22	22	0	19	28	28	28
SC_CHRIV	20000	76	7	33	6	178	109	109	109	86	91	96	70	96
SC_CHRIV	30000	13	6	16	11	103	56	56	56	37	32	36	33	36
SC_CHRIV	40000	28	29	30	28	114	44	44	44	37	48	49	44	49
SC_CHRIV	50000	9	7	38	13	133	68	69	68	47	36	51	48	56
SC_CHRIV	60000	57	57	39	63	156	80	80	80	45	53	48	44	49
SC_CHRIV	70000	65	62	49	66	153	51	51	51	35	58	36	37	36
SC_CHRIV	80000	89	88	77	94	217	81	81	81	57	95	57	78	57
SC_CHRIV	90000	57	57	58	61	129	31	31	31	19	40	27	22	27
SC_CHRIV	100000	66	58	73	74	156	51	51	51	26	55	36	44	36
SC_CHRIV	110000	60	58	67	64	120	42	42	42	31	33	20	25	20
SC_CHRIV	120000	84	88	31	88	138	15	15	15	80	22	23	26	23
SC_CHRIV	130000	38	33	39	41	104	28	28	28	18	24	26	28	26
SC_CHRIV	140000	40	42	41	44	101	43	42	42	44	34	41	31	41
SC_CHRIV	150000	68	40	53	73	166	43	42	41	42	40	52	64	52
SC_CHRIV	160000	31	32	30	33	100	40	40	40	33	22	39	34	39
SC_CHRIV	170000	65	50	38	55	127	48	48	48	26	35	30	31	30
SC_CHRIV	180000	50	47	23	47	102	39	36	39	19	25	41	37	41
SC_CHRIV	190000	52	53	26	51	179	37	37	37	17	34	11	92	11
SC_CHRIV	200000	38	32	9	30	72	18	18	18	6	24	33	22	33
SC_CHRIV	210000	24	68	16	70	148	54	54	54	39	58	27	40	27
SC_CHRIV	220000	4	53	6	60	92	43	43	43	47	47	25	29	25
SC_CHRIV	230000	59	67	43	64	128	59	59	59	58	40	57	60	57
SC_CHRIV	240000	60	34	63	34	147	76	57	76	56	56	71	69	71
SC_CHRIV	250000	45	54	46	46	134	61	58	61	54	27	53	54	53
SC_CHRIV	260000	66	55	47	57	129	53	53	53	54	35	45	49	45
SC_CHRIV	270000	34	52	51	45	132	38	38	38	52	29	33	35	33
SC_CHRIV	280000	39	59	54	66	116	44	44	44	52	38	43	40	43
SC_CHRIV	290000	52	58	59	54	116	49	52	49	35	50	37	34	37
SC_CHRIV	300000	44	52	48	56	122	60	60	60	18	24	22	24	22
SC_CHRIV	310000	16	12	8	15	111	67	67	67	57	55	66	66	66
SC_CHRIV	320000	10	8	5	10	126	70	70	70	68	70	75	72	75
SC_CHRIV	330000	41	7	13	7	155	53	53	53	57	55	58	107	58
SC_CHRIV	340000	53	5	19	4	114	68	69	69	54	60	69	56	69
SC_CHRIV	350000	53	22	43	16	147	104	104	104	66	65	82	93	82
SC_CHRIV	360000	21	28	19	31	111	38	38	38	25	34	26	33	26
SC_CHRIV	370000	79	77	58	25	166	87	87	87	70	57	80	84	80
SC_CHRIV	380000	54	41	46	25	196	69	92	76	26	48	62	50	50
SC_CHRIV	390000	53	54	10	12	152	72	72	72	50	53	60	79	60
SC_CHRIV	400000	62	14	6	7	127	65	65	65	58	50	57	55	57
SC_CHRIV	410000	43	18	5	7	121	71	72	71	47	50	50	42	50
SC_CHRIV	420000	50	25	12	10	137	71	71	71	61	65	65	68	65
SC_CHRIV	430000	66	35	0	55	200	117	117	117	80	85	76	80	75
SC_CHRIV	440000	63	34	60	43	133	57	56	57	58	54	43	43	44
SC_CHRIV	450000	38	26	21	14	74	41	41	41	32	36	32	21	32
SC_CHRIV	460000	26	30	36	41	102	54	54	54	32	34	33	27	33
SC_CHRIV	470000	38	24	25	31	125	61	61	61	42	11	41	25	42
SC_CHRIV	480000	51	19	28	14	137	53	53	53	49	31	49	75	50
SC_CHRIV	490000	24	5	5	7	67	40	40	40	22	6	22	23	22
SC_CHRIV	500000	25	7	15	20	137	75	75	75	39	24	51	56	51
SC_CHRIV	510000	61	4	2	14	123	58	57	43	60	64	71	49	69
SC_CHRIV	520000	19	201	73	15	681	450	456	458	605	437	340	373	340
SC_CHRIV	530000	4	95	52	26	288	125	125	128	121	131	135	223	144
SC_CHRIV	540000	55	13	33	19	128	51	52	52	41	48	54	48	54
SC_CHRIV	550000	14	0	18	15	116	49	49	49	41	56	57	48	57
SC_CHRIV	560000	48	8	16	14	114	62	62	62	47	43	47	54	47
SC_CHRIV	570000	58	44	43	29	180	67	66	67	62	59	59	74	59
SC_CHRIV	580000	72	54	32	61	156	69	69	69	62	69	80	75	80
SC_CHRIV	590000	38	34	87	41	190	101	101	101	87	65	94	92	94
SC_CHRIV	600000	42	44	23	44	140	70	71	71	64	65	61	61	62
SC_CHRIV	610000	13	14	7	15	159	87	86	86	97	96	98	98	98
SC_CHRIV	620000	10	17	7	18	178	81	81	81	66	57	68	102	68
SC_CHRIV	630000	6	9	5	12	76	48	48	48	27	26	43	31	43
SC_CHRIV	640000	28	10	3	5	70	39	39	38	26	28	33	34	33
SC_CHRIV	650000	55	4	6	5	121	70	70	70	65	59	57	63	57
SC_CHRIV	660000	18	5	2	16	129	74	74	74	59	50	61	61	60
SC_CHRIV	670000	50	14	16	5	135	76	76	76	70	51	69	73	69
SC_CHRIV	680000	14	24	11	12	153	98	98	98	78	75	93	96	93
SC_CHRIV	690000	13	9	12	10	137	81	81	81	77	81	74	78	74
SC_CHRIV	700000	3	27	7	5	132	82	82	84	67	50	55	53	55
SC_CHRIV	710000	16	95	25	20	188	121	121	121	96	96	102	88	101
SC_CHRIV	720000	51	27	47	52	130	39	46	46	28	21	29	35	29
SC_CHRIV	730000	28	10	30	30	77	26	26	26	17	11	14	26	15
SC_CHRIV	740000	43	39	49	48	83	30	30	30	12	18	25	24	25
SC_CHRIV	750000	172	27	60	34	293	133	19	19	115	119	12	19	48
SC_CHRIV	760000	17	22	41	19	96	42	44	43	31	23	31	40	32
SC_CHRIV	770000	1	7	38	8	117	70	70	70	56	65	66	66	66
SC_CHRIV	780000	5	6	21	3	95	50	50	50	37	40	40	45	40
SC_CHRIV	790000	7	7	32	6	96	47	47	47	39	53	42	48	42
SC_CHRIV	800000	4	4	26	7	96	55	56	56	52	55	57	54	57
SC_CHRIV	810000	17	14	17	18	101	40	40	40	43	26	32	38	32
SC_CHRIV	820000	40	36	38	40	92	44	46	46	39	34	48	36	48
SC_CHRIV	830000	11	19	19	11	93	57	57	57	40	40	43	35	43
SC_CHRIV	840000	12	18	59	16	121	55	55	55	52	57	62	68	62
SC_CHRIV	850000	6	55	52	11	137	66	66	66	55	54	59	58	59
SC_CHRIV	860000	30	31	51	31	118	42	42	42	38	47	48	49	48
SC_CHRIV	870000	21	10	19	4	44	17	17	17	23	16	18	18	18
SC_CHRIV	880000	30	17	35	10	69	32	32	32	31	30	30	33	30
SC_CHRIV	890000	19	31	37	7	135	74	74	74	60	44	55	55	55
SC_CHRIV	900000	0	16	3	6	103	54	54	54	35	49	59	48	60
SC_CHRIV	910000	4	17	3	11	133	66	66	66	53	49	65	61	65
SC_CHRIV	920000	0	21	18	27	108	59	59	59	56	52	62	63	62
SC_CHRIV	930000	0	26	3	27	102	58	58	58	51	48	53	48	53
SC_CHRIV	940000	1	12	0	9	115	50	47	50	64	41	61	53	61
SC_CHRIV	950000	0	24	27	11	128	59	59	59	47	53	65	68	65
SC_CHRIV	960000	0	18	38	20	100	52	51	51	43	33	35	37	35
SC_CHRIV	970000	25	11	73	2	115	60	60	60	65	65	67	52	67
SC_CHRIV	980000	162	6	34	0	170	6	6	6	34	31	24	36	24
SC_CHRIV	990000	37	5	59	4	150	47	47	48	57	72	61	100	61
SC_CHRIV	1000000	7	10	26	8	111	50	51	50	39	46	59	58	59
SC_CHRIV	1010000	12	57	28	15	145	86	82	86	42	55	65	66	65
SC_CHRIV	1020000	4	42	11	4	95	40	40	40	30	35	37	48	37
SC_CHRIV	1030000	5	74	4	6	133	78	79	77	66	13	81	70	81
SC_CHRIV	1040000	19	35	23	8	100	67	67	67	22	9	61	48	61
SC_CHRIV	1050000	63	43	74	79	177	70	70	70	53	47	49	49	49
SC_CHRIV	1060000	4	25	1	5	100	41	41	41	35	46	47	45	47
SC_CHRIV	1070000	1	33	0	9	135	63	63	63	44	68	65	80	65
SC_CHRIV	1080000	2	18	0	4	102	55	55	55	48	34	49	47	49
SC_CHRIV	1090000	7	4	6	6	84	32	31	31	32	14	38	41	38
SC_CHRIV	1100000	36	48	36	38	129	63	63	63	60	57	52	54	53
SC_CHRIV	1110000	10	40	10	12	130	69	67	69	31	34	50	44	50
SC_CHRIV	1120000	7	24	35	8	129	68	67	69	53	43	72	68	72
SC_CHRIV	1130000	9	10	37	11	112	54	54	54	42	34	45	58	45
SC_CHRIV	1140000	5	33	30	6	120	58	58	59	54	58	54	39	54
SC_CHRIV	1150000	23	106	22	11	196	92	88	88	105	82	85	36	86
SC_CHRIV	1160000	5	101	98	4	217	136	136	136	141	150	131	43	131
SC_CHRIV	1170000	23	28	83	27	164	101	101	101	88	91	94	93	95
SC_CHRIV	1180000	18	16	76	22	142	86	84	84	75	72	80	83	80
SC_CHRIV	1190000	9	6	59	2	106	53	53	53	53	55	64	48	64
SC_CHRIV	1200000	7	20	36	6	165	35	35	35	44	33	38	117	38
SC_CHRIV	1210000	12	32	46	4	131	65	64	64	51	56	58	55	58
SC_CHRIV	1220000	39	38	47	1	111	49	49	49	47	39	52	52	52
SC_CHRIV	1230000	14	13	54	12	113	54	54	54	39	37	51	50	51
SC_CHRIV	1240000	14	18	18	14	108	58	58	58	36	32	37	32	38
SC_CHRIV	1250000	15	4	4	3	168	112	110	113	80	84	93	85	93
SC_CHRIV	1260000	10	13	19	14	115	55	55	55	58	58	51	51	51
SC_CHRIV	1270000	48	19	42	50	163	65	66	65	41	42	39	56	39
SC_CHRIV	1280000	9	24	32	12	118	58	58	58	36	40	40	36	40
SC_CHRIV	1290000	3	21	63	4	147	80	78	80	53	67	77	79	77
SC_CHRIV	1300000	7	9	126	6	316	125	125	74	108	132	137	44	77
SC_CHRIV	1310000	9	9	55	11	122	77	77	77	62	70	63	59	63
SC_CHRIV	1320000	10	2	32	5	92	48	48	48	33	36	32	39	32
SC_CHRIV	1330000	7	12	61	12	121	61	61	61	59	55	62	50	62
SC_CHRIV	1340000	20	14	63	20	134	68	53	67	49	61	59	55	59
SC_CHRIV	1350000	27	10	46	8	141	73	50	73	29	64	49	70	49
SC_CHRIV	1360000	12	8	28	13	100	52	45	52	41	49	36	31	36
SC_CHRIV	1370000	20	16	15	20	86	38	20	38	26	27	36	35	36
SC_CHRIV	1380000	49	7	17	6	138	73	75	73	56	66	58	58	58
SC_CHRIV	1390000	11	4	9	10	112	64	63	64	50	56	57	44	57
SC_CHRIV	1400000	30	17	34	37	143	60	60	60	54	72	67	40	67
SC_CHRIV	1410000	46	37	44	46	163	103	103	103	35	48	58	55	58
SC_CHRIV	1420000	4	11	5	6	176	104	104	103	66	53	86	87	86
SC_CHRIV	1430000	19	15	17	4	144	69	69	69	56	45	58	67	58
SC_CHRIV	1440000	74	44	20	67	162	48	48	48	48	74	34	39	35
SC_CHRIV	1450000	83	80	87	88	145	27	27	27	29	55	22	23	22
SC_CHRIV	1460000	93	103	110	117	187	56	56	56	41	82	49	51	49
SC_CHRIV	1470000	46	40	54	53	106	46	45	46	28	42	27	29	27
SC_CHRIV	1480000	45	48	27	46	133	38	38	38	36	61	38	41	38
SC_CHRIV	1490000	72	66	10	83	149	46	46	46	43	56	40	41	40
SC_CHRIV	1500000	99	88	2	91	213	22	23	23	43	104	27	34	31
SC_CHRIV	1510000	99	97	77	107	216	41	39	40	52	83	43	40	43
SC_CHRIV	1520000	76	55	41	59	152	56	20	11	13	37	20	54	55
SC_CHRXIV	0	0	0	0	0	0	0	0	0	0	0	0	0	0
SC_CHRXIV	10000	31	10	15	34	60	13	13	13	17	12	17	10	17
SC_CHRXIV	20000	114	101	107	115	186	64	64	64	31	11	28	36	28
SC_CHRXIV	30000	59	70	63	69	152	52	51	52	30	18	49	42	48
SC_CHRXIV	40000	73	78	29	77	173	80	72	75	68	23	58	76	58
SC_CHRXIV	50000	19	18	36	18	122	63	63	63	55	54	53	56	53
SC_CHRXIV	60000	25	28	22	25	128	48	48	48	50	55	51	66	51
SC_CHRXIV	70000	3	49	2	3	105	47	47	47	42	57	50	54	50
SC_CHRXIV	80000	25	17	42	33	117	58	58	58	37	42	46	43	46
SC_CHRXIV	90000	9	12	19	20	86	22	20	20	16	50	20	20	21
SC_CHRXIV	100000	32	37	38	37	100	41	41	41	39	36	41	42	41
SC_CHRXIV	110000	15	5	7	8	194	137	137	137	57	61	76	73	76
SC_CHRXIV	120000	28	1	8	9	129	70	72	70	46	52	61	58	61
SC_CHRXIV	130000	45	4	46	9	236	160	161	160	58	57	154	145	156
SC_CHRXIV	140000	38	41	59	11	143	45	44	45	85	88	40	31	40
SC_CHRXIV	150000	13	6	27	8	104	38	38	38	44	41	40	47	40
SC_CHRXIV	160000	46	27	26	8	124	45	45	45	43	50	46	61	46
SC_CHRXIV	170000	38	43	27	6	110	32	32	32	41	37	33	36	34
SC_CHRXIV	180000	46	13	47	15	123	45	53	45	43	38	29	32	30
SC_CHRXIV	190000	39	48	44	33	136	53	53	53	34	43	37	49	37
SC_CHRXIV	200000	48	46	42	51	133	49	49	49	46	59	52	52	51
SC_CHRXIV	210000	33	54	32	41	123	47	47	46	49	45	49	51	49
SC_CHRXIV	220000	30	40	51	16	103	45	45	46	49	50	51	52	51
SC_CHRXIV	230000	29	37	42	27	115	43	44	44	37	42	41	53	41
SC_CHRXIV	240000	19	19	17	14	100	40	41	42	35	33	44	65	44
SC_CHRXIV	250000	32	26	40	32	106	60	60	60	51	49	54	42	54
SC_CHRXIV	260000	50	39	36	51	124	38	33	37	25	28	28	55	28
SC_CHRXIV	270000	12	14	10	8	123	76	76	76	63	50	69	69	69
SC_CHRXIV	280000	19	9	6	11	88	61	61	61	53	51	58	56	58
SC_CHRXIV	290000	25	24	23	24	110	49	47	50	46	39	45	58	45
SC_CHRXIV	300000	33	27	9	14	146	91	56	91	84	76	92	80	92
SC_CHRXIV	310000	12	35	34	4	105	54	36	54	45	53	50	53	50
SC_CHRXIV	320000	11	12	11	13	78	33	26	33	27	29	38	25	38
SC_CHRXIV	330000	33	31	39	35	126	42	43	42	40	44	48	41	46
SC_CHRXIV	340000	14	7	54	9	150	81	81	81	81	80	79	75	79
SC_CHRXIV	350000	16	26	19	21	164	96	96	96	79	89	88	90	88
SC_CHRXIV	360000	20	36	29	21	124	76	73	75	57	47	62	59	62
SC_CHRXIV	370000	17	27	19	19	109	48	48	48	51	52	50	46	50
SC_CHRXIV	380000	10	44	44	11	110	49	49	49	52	45	43	47	43
SC_CHRXIV	390000	72	6	24	73	135	34	33	33	33	39	33	26	33
SC_CHRXIV	400000	22	60	7	66	145	59	59	59	60	50	42	51	42
SC_CHRXIV	410000	35	23	40	45	118	63	64	63	66	49	57	56	57
SC_CHRXIV	420000	3	30	2	3	101	72	72	72	59	52	61	57	61
SC_CHRXIV	430000	1	20	5	6	112	68	68	68	42	51	64	42	64
SC_CHRXIV	440000	20	23	14	23	141	54	54	54	43	47	65	79	64
SC_CHRXIV	450000	8	12	9	6	85	44	44	44	16	26	34	34	34
SC_CHRXIV	460000	8	5	11	17	96	42	42	42	41	37	41	46	41
SC_CHRXIV	470000	7	21	11	20	120	59	59	59	56	60	55	59	55
SC_CHRXIV	480000	31	57	2	9	113	70	70	70	59	56	59	60	60
SC_CHRXIV	490000	24	43	10	11	132	50	50	50	47	74	61	58	61
SC_CHRXIV	500000	38	42	31	53	127	66	66	68	42	52	50	43	50
SC_CHRXIV	510000	31	20	36	26	111	67	67	67	57	43	60	65	60
SC_CHRXIV	520000	14	18	19	17	82	23	34	23	40	30	28	32	28
SC_CHRXIV	530000	15	13	16	12	111	66	66	66	58	32	58	43	58
SC_CHRXIV	540000	53	42	51	62	106	23	50	25	32	32	33	22	33
SC_CHRXIV	550000	42	43	38	43	112	61	42	61	35	15	26	29	26
SC_CHRXIV	560000	47	27	27	27	83	28	30	25	22	8	21	24	18
SC_CHRXIV	570000	31	12	33	32	60	27	25	26	19	14	20	21	20
SC_CHRXIV	580000	48	7	50	53	118	38	36	37	32	43	35	33	35
SC_CHRXIV	590000	46	48	51	50	104	44	40	44	30	11	25	21	25
SC_CHRXIV	600000	25	11	13	13	63	36	36	36	31	33	29	30	29
SC_CHRXIV	610000	37	40	35	39	93	46	46	46	21	41	37	38	37
SC_CHRXIV	620000	7	7	1	5	74	48	46	47	31	2	34	37	34
SC_CHRXIV	630000	3	2	2	2	74	37	37	37	30	9	37	42	37
SC_CHRXIV	640000	10	27	17	7	105	48	48	48	35	17	39	35	39
SC_CHRXIV	650000	17	29	17	14	135	84	84	84	75	65	86	46	86
SC_CHRXIV	660000	6	13	33	10	118	70	70	70	49	49	62	54	62
SC_CHRXIV	670000	33	45	46	39	126	68	68	68	50	50	66	51	66
SC_CHRXIV	680000	19	15	14	18	95	62	62	62	41	43	45	46	45
SC_CHRXIV	690000	23	24	25	31	127	65	62	66	51	42	48	49	48
SC_CHRXIV	700000	69	37	28	69	253	94	97	94	106	81	112	72	116
SC_CHRXIV	710000	11	16	12	19	122	69	69	69	55	38	57	53	57
SC_CHRXIV	720000	10	11	6	16	146	83	85	85	80	71	71	66	71
SC_CHRXIV	730000	22	18	20	16	169	105	105	105	75	79	94	102	94
SC_CHRXIV	740000	11	11	57	5	209	142	140	142	138	124	141	140	141
SC_CHRXIV	750000	65	3	45	32	259	69	65	64	77	83	84	118	85
SC_CHRXIV	760000	3	5	56	13	137	58	36	58	49	53	55	49	55
SC_CHRXIV	770000	17	29	62	6	124	80	45	80	70	70	68	60	68
SC_CHRXIV	780000	0	0	0	0	11	6	6	6	3	6	4	4	4
SC_CHRXII	0	8	11	25	0	34	0	0	0	0	0	0	0	0
SC_CHRXII	10000	18	29	63	16	139	56	58	56	46	50	56	76	56
SC_CHRXII	20000	97	122	55	124	265	129	128	129	52	62	60	66	60
SC_CHRXII	30000	17	17	18	18	162	100	100	100	46	62	60	60	60
SC_CHRXII	40000	5	8	33	7	113	67	66	67	37	33	40	36	40
SC_CHRXII	50000	5	21	12	6	134	89	89	89	61	46	48	36	48
SC_CHRXII	60000	48	47	18	33	172	97	96	97	58	58	58	70	58
SC_CHRXII	70000	31	31	33	35	131	76	76	76	56	73	64	63	64
SC_CHRXII	80000	45	56	55	48	185	93	93	93	55	76	68	62	68
SC_CHRXII	90000	60	65	63	62	163	79	78	79	41	32	45	53	45
SC_CHRXII	100000	42	34	46	44	161	69	69	71	49	48	50	65	53
SC_CHRXII	110000	89	86	91	93	161	44	44	44	37	52	29	30	29
SC_CHRXII	120000	45	43	31	46	135	61	61	62	40	36	36	40	36
SC_CHRXII	130000	20	13	18	20	117	56	55	56	41	42	45	63	45
SC_CHRXII	140000	8	8	8	8	90	53	53	53	40	33	33	29	33
SC_CHRXII	150000	14	17	9	19	124	69	67	67	47	47	57	67	57
SC_CHRXII	160000	5	7	4	5	149	56	60	60	51	55	45	79	45
SC_CHRXII	170000	5	10	69	7	155	79	76	77	71	74	85	77	85
SC_CHRXII	180000	21	3	42	3	108	42	41	42	29	27	35	45	35
SC_CHRXII	190000	15	15	39	18	146	40	40	40	36	33	42	91	40
SC_CHRXII	200000	4	7	69	7	150	84	84	84	70	63	82	75	82
SC_CHRXII	210000	3	29	51	3	95	59	58	58	34	57	56	59	55
SC_CHRXII	220000	42	69	70	10	159	92	92	92	65	63	71	70	71
SC_CHRXII	230000	48	38	22	43	175	64	67	65	45	32	50	78	50
SC_CHRXII	240000	67	23	27	74	154	67	67	67	54	54	46	34	46
SC_CHRXII	250000	28	29	30	51	136	51	51	51	34	44	37	40	37
SC_CHRXII	260000	36	30	20	51	131	46	49	47	25	24	25	56	25
SC_CHRXII	270000	43	41	25	58	122	55	55	55	35	41	33	43	33
SC_CHRXII	280000	52	50	42	73	171	76	76	76	40	50	43	47	43
SC_CHRXII	290000	57	44	30	46	149	53	53	53	44	42	55	52	55
SC_CHRXII	300000	37	39	37	35	102	51	51	51	28	28	29	30	29
SC_CHRXII	310000	23	45	38	47	96	44	44	44	25	19	30	26	29
SC_CHRXII	320000	25	45	53	52	120	34	34	34	34	28	38	38	38
SC_CHRXII	330000	12	23	16	32	105	38	38	38	34	36	35	34	35
SC_CHRXII	340000	72	54	64	6	147	76	76	76	54	64	80	75	80
SC_CHRXII	350000	22	30	40	5	94	49	48	49	19	30	49	46	49
SC_CHRXII	360000	55	51	67	17	148	66	66	66	50	55	59	57	58
SC_CHRXII	370000	41	108	50	25	206	120	120	120	85	94	90	94	90
SC_CHRXII	380000	44	35	23	32	169	85	85	85	63	51	51	72	51
SC_CHRXII	390000	59	66	66	18	264	169	168	168	78	96	73	68	73
SC_CHRXII	400000	51	9	45	19	160	76	69	74	45	56	48	50	48
SC_CHRXII	410000	41	41	8	15	110	60	60	60	33	37	34	37	34
SC_CHRXII	420000	53	13	17	6	142	70	80	70	34	51	61	64	61
SC_CHRXII	430000	71	5	4	3	113	50	48	50	55	49	65	65	65
SC_CHRXII	440000	38	20	20	20	129	69	69	69	64	65	42	46	42
SC_CHRXII	450000	13	10	5	7	91	47	47	45	35	34	16	20	16
SC_CHRXII	460000	12	11	13	0	43	16	16	16	16	16	7	6	7
SC_CHRXII	470000	0	0	0	0	0	0	0	0	0	0	0	0	0
SC_CHRXII	480000	0	0	1	0	1	0	0	0	0	0	0	0	0
SC_CHRXII	490000	50	54	52	55	139	71	71	71	53	35	22	31	22
SC_CHRXII	500000	74	78	63	81	162	66	66	67	50	31	18	31	18
SC_CHRXII	510000	54	38	22	56	184	48	48	48	30	25	30	102	30
SC_CHRXII	520000	42	44	14	39	128	70	70	70	34	32	36	38	36
SC_CHRXII	530000	25	30	61	27	134	71	71	71	67	55	61	60	61
SC_CHRXII	540000	10	4	55	3	117	53	53	53	49	51	48	49	48
SC_CHRXII	550000	36	49	45	40	132	52	52	52	37	23	46	39	46
SC_CHRXII	560000	17	19	20	25	112	50	50	50	28	37	32	35	32
SC_CHRXII	570000	19	23	34	24	117	60	60	60	33	42	35	36	35
SC_CHRXII	580000	4	3	12	6	153	54	54	54	33	44	39	91	39
SC_CHRXII	590000	12	11	25	14	77	30	30	30	14	15	26	26	26
SC_CHRXII	600000	48	46	53	57	157	94	88	94	64	39	82	78	82
SC_CHRXII	610000	32	31	24	36	92	58	58	58	36	16	27	36	27
SC_CHRXII	620000	30	29	29	36	98	51	55	51	24	25	24	27	24
SC_CHRXII	630000	47	40	46	47	82	31	31	31	21	24	20	19	20
SC_CHRXII	640000	34	34	40	38	97	48	46	48	20	20	20	23	20
SC_CHRXII	650000	37	37	29	40	92	27	27	33	6	14	17	23	20
SC_CHRXII	660000	48	52	53	55	110	40	39	44	15	35	17	16	17
SC_CHRXII	670000	90	84	87	94	180	59	59	59	52	34	43	55	43
SC_CHRXII	680000	80	74	63	88	148	61	61	61	44	44	33	32	33
SC_CHRXII	690000	47	46	46	51	126	44	44	44	36	31	44	40	44
SC_CHRXII	700000	75	73	63	79	135	43	45	45	57	37	33	34	33
SC_CHRXII	710000	101	106	101	104	185	64	66	65	33	33	29	47	29
SC_CHRXII	720000	58	60	30	64	166	68	68	68	27	27	33	35	33
SC_CHRXII	730000	27	28	35	29	120	44	44	44	49	46	55	47	54
SC_CHRXII	740000	25	53	0	68	145	61	63	62	41	47	49	47	49
SC_CHRXII	750000	14	66	0	72	129	51	51	51	36	35	33	40	33
SC_CHRXII	760000	34	70	11	86	137	47	46	47	32	32	32	30	32
SC_CHRXII	770000	26	22	40	22	110	40	40	40	23	43	35	43	35
SC_CHRXII	780000	57	64	65	63	198	64	70	77	79	60	88	90	88
SC_CHRXII	790000	109	110	9	111	183	48	39	39	48	57	42	53	41
SC_CHRXII	800000	114	109	0	117	189	71	71	72	48	56	45	46	45
SC_CHRXII	810000	161	160	1	167	490	93	94	94	109	100	325	300	325
SC_CHRXII	820000	80	62	1	85	138	33	33	33	55	29	40	38	39
SC_CHRXII	830000	74	75	0	78	149	55	55	55	37	23	36	24	36
SC_CHRXII	840000	48	42	0	55	91	42	42	42	31	29	30	31	29
SC_CHRXII	850000	58	37	35	58	158	68	68	68	47	39	38	45	38
SC_CHRXII	860000	39	15	4	44	87	25	25	25	28	25	26	30	26
SC_CHRXII	870000	54	35	14	65	131	53	53	53	41	38	47	46	47
SC_CHRXII	880000	69	28	53	76	136	35	34	34	31	37	24	30	24
SC_CHRXII	890000	52	43	16	57	143	39	39	39	43	53	47	51	47
SC_CHRXII	900000	45	13	17	46	93	44	44	45	29	40	27	30	27
SC_CHRXII	910000	51	23	36	55	100	38	38	38	40	51	39	30	39
SC_CHRXII	920000	56	24	22	58	121	48	48	48	35	58	47	34	48
SC_CHRXII	930000	10	71	67	8	140	86	87	86	65	8	68	57	68
SC_CHRXII	940000	5	33	32	3	85	45	45	45	35	9	42	34	38
SC_CHRXII	950000	49	38	39	63	157	67	67	67	54	44	57	58	57
SC_CHRXII	960000	56	57	57	52	143	55	55	73	50	45	58	61	58
SC_CHRXII	970000	5	11	5	8	95	39	39	40	16	37	21	37	21
SC_CHRXII	980000	23	28	22	22	127	59	59	52	30	61	41	52	41
SC_CHRXII	990000	16	11	10	8	131	54	53	55	51	43	50	77	50
SC_CHRXII	1000000	27	25	54	19	142	71	71	69	60	63	67	69	67
SC_CHRXII	1010000	38	29	17	40	128	45	45	45	45	46	26	27	26
SC_CHRXII	1020000	83	77	2	86	170	68	67	67	71	61	57	56	57
SC_CHRXII	1030000	45	38	39	47	120	38	37	37	30	36	40	47	40
SC_CHRXII	1040000	30	33	39	35	118	48	48	48	27	31	46	41	46
SC_CHRXII	1050000	69	59	23	73	135	32	32	32	24	23	51	37	51
SC_CHRXII	1060000	0	0	9	0	17	0	0	4	0	6	0	0	0
SC_CHRII	0	10	7	8	2	30	13	9	9	4	7	10	1	10
SC_CHRII	10000	42	40	49	13	119	40	40	40	36	48	51	46	51
SC_CHRII	20000	25	39	48	6	111	47	48	48	34	32	42	48	42
SC_CHRII	30000	25	10	31	26	87	23	18	23	57	13	13	13	13
SC_CHRII	40000	26	51	45	8	128	60	60	60	47	58	57	58	57
SC_CHRII	50000	16	4	3	1	112	47	48	48	34	51	44	52	44
SC_CHRII	60000	23	9	11	5	139	59	59	59	36	63	64	75	65
SC_CHRII	70000	26	34	44	33	137	52	52	52	43	54	56	46	56
SC_CHRII	80000	47	6	53	10	137	54	55	54	49	40	57	62	57
SC_CHRII	90000	13	3	10	6	105	44	44	44	47	32	40	51	40
SC_CHRII	100000	11	10	20	17	129	56	56	56	61	50	54	62	54
SC_CHRII	110000	38	33	55	37	146	70	70	70	64	52	53	47	53
SC_CHRII	120000	55	39	56	56	129	44	44	44	48	46	51	56	51
SC_CHRII	130000	43	34	47	54	141	45	45	45	35	30	40	60	40
SC_CHRII	140000	61	63	55	70	135	42	42	43	43	41	64	52	64
SC_CHRII	150000	45	30	29	55	131	47	47	47	30	44	39	41	39
SC_CHRII	160000	45	56	51	70	140	54	53	53	51	54	56	54	56
SC_CHRII	170000	36	24	3	57	115	45	45	45	57	25	49	43	49
SC_CHRII	180000	65	59	33	75	135	44	45	44	35	68	42	28	42
SC_CHRII	190000	56	60	12	91	179	62	61	61	42	64	43	55	43
SC_CHRII	200000	57	56	38	61	104	37	37	37	45	57	32	27	32
SC_CHRII	210000	43	41	5	46	101	63	63	63	24	28	27	29	27
SC_CHRII	220000	26	24	2	26	66	20	21	21	19	21	23	17	22
SC_CHRII	230000	53	56	5	57	169	79	79	79	42	56	40	56	40
SC_CHRII	240000	50	52	17	58	103	31	31	31	25	31	35	39	35
SC_CHRII	250000	64	38	67	67	135	36	36	37	34	42	41	34	42
SC_CHRII	260000	30	15	16	16	67	34	31	34	20	30	32	34	32
SC_CHRII	270000	13	1	9	8	104	44	44	43	41	36	48	61	48
SC_CHRII	280000	29	5	14	9	111	76	76	76	67	64	63	41	63
SC_CHRII	290000	33	19	7	22	114	55	55	55	48	58	57	65	57
SC_CHRII	300000	37	14	26	25	143	74	74	74	59	56	58	64	58
SC_CHRII	310000	59	24	9	7	125	43	43	43	51	44	51	53	51
SC_CHRII	320000	35	76	86	88	221	76	76	76	41	51	71	97	71
SC_CHRII	330000	22	60	64	62	118	41	41	43	35	36	43	45	43
SC_CHRII	340000	29	60	58	55	135	56	56	56	44	43	39	46	39
SC_CHRII	350000	62	59	13	13	184	67	66	66	53	52	62	87	62
SC_CHRII	360000	13	76	78	77	150	69	67	69	48	52	52	52	52
SC_CHRII	370000	41	23	51	58	217	75	75	75	65	84	38	90	39
SC_CHRII	380000	60	33	35	65	148	57	57	57	51	65	33	36	33
SC_CHRII	390000	27	42	25	54	125	31	31	31	37	46	33	38	32
SC_CHRII	400000	66	65	36	65	152	27	25	27	43	44	44	50	45
SC_CHRII	410000	87	60	35	85	163	53	53	53	58	69	74	76	74
SC_CHRII	420000	54	27	33	54	126	57	58	59	58	56	40	40	40
SC_CHRII	430000	49	32	25	48	90	46	46	46	35	49	37	32	37
SC_CHRII	440000	31	28	30	32	96	60	59	60	35	31	37	40	37
SC_CHRII	450000	76	75	15	80	143	58	58	57	46	43	34	44	34
SC_CHRII	460000	65	55	23	80	160	57	59	57	31	37	40	38	40
SC_CHRII	470000	40	31	34	51	110	43	43	43	32	30	21	38	21
SC_CHRII	480000	46	24	27	55	122	44	44	44	22	30	31	37	31
SC_CHRII	490000	29	38	43	32	106	49	49	49	37	49	29	32	29
SC_CHRII	500000	53	59	28	66	121	44	44	44	24	24	29	28	29
SC_CHRII	510000	9	39	23	60	134	22	21	21	22	32	29	60	29
SC_CHRII	520000	16	56	16	86	128	26	26	27	23	44	37	36	37
SC_CHRII	530000	37	82	32	101	213	84	84	84	79	61	55	55	55
SC_CHRII	540000	30	81	37	99	217	53	53	53	57	119	46	51	46
SC_CHRII	550000	61	74	11	88	160	34	34	34	40	76	29	36	29
SC_CHRII	560000	69	66	5	71	142	39	39	39	39	43	31	39	31
SC_CHRII	570000	69	69	4	74	125	46	46	46	46	63	29	25	29
SC_CHRII	580000	66	82	36	72	142	30	30	30	70	80	39	38	39
SC_CHRII	590000	69	53	4	70	161	55	55	55	71	74	43	39	43
SC_CHRII	600000	21	10	1	65	160	36	34	36	58	88	25	36	25
SC_CHRII	610000	66	39	3	73	143	37	37	37	45	69	38	48	38
SC_CHRII	620000	73	83	39	75	172	51	51	51	58	60	43	43	43
SC_CHRII	630000	46	49	41	67	125	47	55	56	39	43	32	36	32
SC_CHRII	640000	54	23	44	60	133	30	47	53	33	34	25	26	25
SC_CHRII	650000	45	30	47	52	126	38	38	38	43	21	22	27	22
SC_CHRII	660000	34	31	31	35	128	49	49	49	45	33	27	55	27
SC_CHRII	670000	66	47	58	65	148	76	76	76	61	49	30	25	30
SC_CHRII	680000	51	23	38	57	135	36	36	36	29	28	19	47	19
SC_CHRII	690000	59	19	57	62	116	42	42	42	22	27	17	13	17
SC_CHRII	700000	31	22	26	19	129	61	61	61	47	42	48	37	48
SC_CHRII	710000	25	38	54	8	104	47	46	45	41	36	47	38	47
SC_CHRII	720000	34	29	76	10	186	78	78	78	62	61	61	90	61
SC_CHRII	730000	49	29	46	8	137	75	75	75	61	63	71	75	71
SC_CHRII	740000	35	36	52	36	116	65	65	65	48	56	43	42	43
SC_CHRII	750000	60	71	62	73	145	40	40	40	58	55	71	34	71
SC_CHRII	760000	18	26	28	26	145	86	86	86	38	57	67	70	67
SC_CHRII	770000	15	17	27	15	77	39	37	39	25	32	36	38	36
SC_CHRII	780000	8	13	103	13	177	89	88	89	83	52	76	66	76
SC_CHRII	790000	7	87	104	8	232	115	115	115	129	132	118	127	118
SC_CHRII	800000	99	108	10	4	459	230	230	230	87	147	135	110	135
SC_CHRII	810000	0	0	0	0	1	0	0	0	0	0	0	0	1
SC_CHRV	0	25	27	15	18	121	10	9	9	8	66	9	11	9
SC_CHRV	10000	91	70	55	92	206	75	75	75	77	93	63	62	63
SC_CHRV	20000	67	47	54	76	146	57	57	57	63	50	47	33	45
SC_CHRV	30000	40	43	35	43	120	45	46	45	23	31	29	27	29
SC_CHRV	40000	79	59	9	85	155	76	76	76	77	71	52	55	52
SC_CHRV	50000	51	18	1	53	104	49	49	49	46	47	34	39	34
SC_CHRV	60000	69	16	35	8	132	61	63	64	16	48	68	66	68
SC_CHRV	70000	68	57	52	59	180	44	45	44	42	32	34	74	34
SC_CHRV	80000	63	43	44	46	133	54	54	54	28	40	45	39	47
SC_CHRV	90000	55	26	20	13	135	65	65	65	16	54	72	74	71
SC_CHRV	100000	49	76	34	14	166	80	80	80	31	67	74	75	74
SC_CHRV	110000	46	45	56	11	167	64	63	63	4	63	64	73	64
SC_CHRV	120000	34	23	26	5	154	72	72	72	7	39	58	104	58
SC_CHRV	130000	27	14	22	9	87	46	45	45	7	32	41	34	42
SC_CHRV	140000	9	7	15	10	57	30	32	32	15	4	32	30	31
SC_CHRV	150000	10	4	24	12	107	53	43	55	7	66	54	55	53
SC_CHRV	160000	19	34	22	20	94	41	35	36	24	38	29	37	29
SC_CHRV	170000	9	58	33	15	132	50	52	52	14	60	51	53	51
SC_CHRV	180000	4	61	55	10	140	52	52	52	27	63	59	80	59
SC_CHRV	190000	73	60	45	78	143	65	69	65	66	57	63	63	63
SC_CHRV	200000	68	64	25	70	119	45	45	45	37	28	29	43	29
SC_CHRV	210000	46	60	48	47	133	61	61	61	49	45	52	59	54
SC_CHRV	220000	27	27	42	31	125	68	67	68	54	50	59	63	59
SC_CHRV	230000	22	24	48	19	140	66	66	66	53	54	54	68	54
SC_CHRV	240000	89	87	88	87	199	94	92	94	93	93	100	63	101
SC_CHRV	250000	28	27	51	33	142	61	61	61	39	43	55	70	55
SC_CHRV	260000	36	34	46	50	163	64	64	64	39	56	65	75	65
SC_CHRV	270000	31	44	27	28	86	47	47	47	0	49	46	41	46
SC_CHRV	280000	13	35	53	13	102	56	56	56	2	51	56	52	56
SC_CHRV	290000	4	24	29	8	95	40	40	40	9	31	31	36	31
SC_CHRV	300000	33	22	44	12	91	49	49	49	10	36	37	43	37
SC_CHRV	310000	36	19	56	12	154	64	63	63	28	56	60	88	60
SC_CHRV	320000	5	8	34	11	79	47	47	47	37	36	45	45	45
SC_CHRV	330000	36	35	39	35	99	45	45	45	40	49	44	32	44
SC_CHRV	340000	24	18	22	9	113	53	53	53	40	34	45	48	45
SC_CHRV	350000	21	15	28	17	134	53	53	53	55	54	58	70	58
SC_CHRV	360000	36	57	44	25	109	50	51	50	51	49	58	55	58
SC_CHRV	370000	87	86	84	27	155	90	90	90	85	90	84	96	84
SC_CHRV	380000	66	53	52	17	108	64	60	50	59	40	58	60	58
SC_CHRV	390000	45	17	48	17	91	49	52	49	46	36	48	46	48
SC_CHRV	400000	44	22	42	19	143	55	55	55	44	47	46	74	46
SC_CHRV	410000	40	30	39	20	88	38	38	38	32	37	37	37	37
SC_CHRV	420000	50	47	54	46	143	45	45	45	36	44	46	58	46
SC_CHRV	430000	30	22	32	24	125	44	49	44	33	45	55	60	56
SC_CHRV	440000	37	4	13	5	59	34	33	34	18	32	18	9	18
SC_CHRV	450000	58	5	43	6	110	61	58	61	48	51	48	43	48
SC_CHRV	460000	62	14	37	24	126	56	56	55	50	43	38	51	38
SC_CHRV	470000	82	18	5	8	134	83	83	83	73	69	70	73	70
SC_CHRV	480000	55	44	56	56	128	53	53	53	48	39	60	54	60
SC_CHRV	490000	23	17	9	7	93	37	42	37	22	11	39	62	39
SC_CHRV	500000	49	51	64	67	133	32	32	33	45	54	38	39	40
SC_CHRV	510000	30	30	28	29	97	40	40	40	27	29	26	49	26
SC_CHRV	520000	31	39	47	49	95	41	41	41	34	46	37	37	38
SC_CHRV	530000	31	42	43	46	84	35	35	35	30	45	33	37	33
SC_CHRV	540000	67	46	49	57	138	62	61	62	63	53	48	44	48
SC_CHRV	550000	109	101	112	112	198	94	94	94	67	106	59	61	59
SC_CHRV	560000	75	191	351	379	466	148	71	193	58	333	59	69	56
SC_CHRV	570000	8	0	6	0	12	6	8	6	0	0	0	0	0
